0  5074
1  26209
2  12968
3  9771
4  20074
5  18529
6  5983
7  24207
8  5480
9  27909
10  17192
11  5312
12  13759
13  25681
14  18314
15  24527
16  11817
17  27311
18  4808
19  25631
20  26101
21  1432
22  21459
23  12659
24  20945
25  8196
26  9233
27  30088
28  11258
29  1044
30  3584
31  5344
32  28428
33  21917
34  24971
35  17181
36  11995
37  4591
38  28324
39  8934
40  5938
41  1394
42  2170
43  14937
44  21357
45  1818
46  3618
47  9813
48  4587
49  6380
50  31081
51  6307
52  1691
53  20337
54  29666
55  25538
56  25961
57  1533
58  23947
59  30196
60  1930
61  11732
62  5030
63  18274
64  4896
65  8387
66  12353
67  24847
68  5544
69  17210
70  31915
71  29090
72  21067
73  5759
74  5602
75  5997
76  6545
77  21211
78  29215
79  14685
80  22853
81  3347
82  4577
83  33103
84  18615
85  30051
86  29989
87  1188
88  32524
89  3616
90  11874
91  10547
92  28176
93  14833
94  20609
95  14285
96  20369
97  6592
98  6543
99  27431
100  23152
101  31603
102  8419
103  1137
104  6061
105  526
106  25688
107  31756
108  19244
109  17430
110  19520
111  20230
112  33061
113  8531
114  27598
115  17520
116  1359
117  4842
118  1295
119  5056
120  14296
121  16889
122  20875
123  501
124  415
125  18562
126  5594
127  5570
128  22528
129  12465
130  10951
131  8357
132  431
133  26082
134  14500
135  4305
136  35132
137  25374
138  21109
139  24290
140  12471
141  30441
142  16845
143  24824
144  10203
145  13191
146  8507
147  21360
148  1800
149  30659
150  8482
151  30642
152  27268
153  21766
154  23473
155  4770
156  1284
157  3991
158  8320
159  18302
160  5193
161  30292
162  10084
163  25699
164  16712
165  5548
166  4979
167  22233
168  13128
169  14632
170  32862
171  18113
172  6293
173  10783
174  16872
175  32650
176  9026
177  18401
178  26007
179  8282
180  27564
181  24840
182  2161
183  25709
184  31591
185  10126
186  6127
187  5080
188  31702
189  6075
190  30830
191  7961
192  21581
193  28854
194  5489
195  5527
196  28310
197  11271
198  8856
199  408
200  18176
201  5468
202  8919
203  20344
204  22198
205  4733
206  21065
207  14001
208  31590
209  15898
210  17488
211  12999
212  6496
213  27504
214  8522
215  13935
216  14660
217  3346
218  7594
219  18616
220  5062
221  20043
222  9490
223  28112
224  8442
225  15484
226  10911
227  4967
228  26610
229  2299
230  29154
231  14015
232  13182
233  13271
234  13923
235  21347
236  30599
237  1412
238  27307
239  10603
240  18540
241  27368
242  489
243  12417
244  5359
245  17763
246  5358
247  19376
248  14427
249  11685
250  1840
251  404
252  17619
253  32677
254  35162
255  5919
256  11861
257  412
258  1749
259  10088
260  27897
261  1933
262  7935
263  16842
264  12313
265  26349
266  26733
267  14802
268  5019
269  29572
270  31028
271  18309
272  7505
273  5429
274  7088
275  4346
276  27939
277  11544
278  27066
279  15758
280  6118
281  6066
282  6277
283  24597
284  8715
285  23240
286  22483
287  18592
288  12989
289  17387
290  26606
291  5073
292  25633
293  19704
294  9862
295  7981
296  5583
297  21933
298  22571
299  1966
300  674
301  15906
302  8810
303  4693
304  20453
305  22091
306  28978
307  22864
308  21644
309  19080
310  18855
311  22430
312  4348
313  5007
314  7142
315  29191
316  5722
317  17242
318  9749
319  18201
320  7135
321  11810
322  32648
323  3412
324  22063
325  7654
326  18232
327  16408
328  27473
329  8959
330  29347
331  1253
332  30925
333  26412
334  1267
335  23714
336  8906
337  24628
338  21810
339  5171
340  13019
341  18764
342  12952
343  5542
344  19836
345  24179
346  13005
347  2277
348  21623
349  30349
350  29481
351  10559
352  32652
353  85
354  8880
355  17370
356  13166
357  22282
358  1503
359  18252
360  17357
361  26756
362  15876
363  32608
364  29337
365  24783
366  30272
367  2304
368  19879
369  8955
370  17255
371  1430
372  14856
373  20324
374  6312
375  3296
376  21817
377  1126
378  18557
379  5033
380  11036
381  15476
382  25823
383  26522
384  19897
385  25547
386  15847
387  27065
388  8366
389  4848
390  5581
391  10173
392  57
393  478
394  19004
395  610
396  10066
397  13056
398  16263
399  17904
400  157
401  15474
402  26053
403  18246
404  23037
405  18621
406  9703
407  21617
408  8514
409  11756
410  17471
411  1011
412  21579
413  4344
414  6275
415  25383
416  8694
417  35201
418  24877
419  8977
420  14554
421  17589
422  7588
423  17977
424  71
425  13457
426  16127
427  6607
428  5540
429  20782
430  10885
431  19898
432  3690
433  23138
434  14032
435  15757
436  1776
437  7785
438  19298
439  583
440  26527
441  21740
442  474
443  25357
444  1598
445  8583
446  27981
447  11404
448  21507
449  8388
450  2003
451  23763
452  14651
453  25925
454  19216
455  11298
456  513
457  4507
458  16489
459  25457
460  19018
461  21924
462  14695
463  28391
464  969
465  4644
466  25991
467  4725
468  24688
469  5369
470  15104
471  11560
472  25348
473  4946
474  13017
475  4792
476  17819
477  7821
478  6384
479  9400
480  24166
481  499
482  27948
483  25170
484  1673
485  3479
486  20613
487  21826
488  4463
489  17355
490  26680
491  5170
492  29770
493  1530
494  33053
495  21565
496  4942
497  245
498  20469
499  13066
500  22880
501  6471
502  26929
503  30432
504  15685
505  11693
506  21896
507  9541
508  11232
509  7616
510  29030
511  28058
512  13141
513  766
514  24556
515  1612
516  23496
517  19608
518  14587
519  18910
520  18600
521  22699
522  29903
523  17432
524  14509
525  13467
526  10606
527  21545
528  2145
529  5219
530  5580
531  13433
532  20375
533  1647
534  5197
535  1821
536  9072
537  1659
538  9281
539  991
540  5587
541  421
542  13286
543  13581
544  19023
545  35097
546  5354
547  1903
548  24350
549  13861
550  26926
551  17605
552  21847
553  19178
554  9723
555  30674
556  27729
557  27878
558  18555
559  16256
560  5240
561  13136
562  4786
563  5384
564  25697
565  17449
566  10944
567  20183
568  27784
569  26668
570  1475
571  753
572  17290
573  22406
574  4698
575  6416
576  18216
577  13059
578  12071
579  10849
580  1064
581  19680
582  25786
583  12503
584  32395
585  21011
586  9025
587  14628
588  16189
589  5951
590  10811
591  29919
592  51
593  5000
594  11431
595  15856
596  1140
597  19040
598  15773
599  21110
600  7361
601  24888
602  27265
603  4719
604  31002
605  25932
606  21534
607  18538
608  7801
609  17778
610  18907
611  16910
612  29055
613  8676
614  15327
615  20201
616  12237
617  1160
618  5772
619  25343
620  20053
621  11066
622  10361
623  29740
624  25393
625  4482
626  1524
627  23478
628  9715
629  30838
630  23407
631  22067
632  7441
633  5597
634  7698
635  27507
636  9844
637  8106
638  5349
639  25846
640  1804
641  3620
642  12241
643  6385
644  7078
645  25764
646  1074
647  16729
648  95
649  21258
650  5535
651  12117
652  18428
653  27137
654  13227
655  10795
656  15227
657  24763
658  17244
659  21935
660  23440
661  28197
662  35190
663  9308
664  4853
665  7106
666  10804
667  18622
668  20547
669  13607
670  3417
671  27196
672  5764
673  19673
674  18277
675  7322
676  14560
677  1466
678  22468
679  2365
680  17852
681  4873
682  13211
683  19467
684  2133
685  7205
686  6064
687  18970
688  1169
689  914
690  25858
691  28078
692  4976
693  28850
694  17287
695  24324
696  22273
697  14524
698  28036
699  15443
700  21291
701  15872
702  13009
703  13219
704  20792
705  2089
706  4378
707  31035
708  24838
709  4574
710  377
711  4902
712  9279
713  19701
714  7545
715  21483
716  27670
717  24854
718  26074
719  11018
720  11292
721  26316
722  16333
723  12600
724  14863
725  2321
726  31182
727  16787
728  2164
729  1320
730  13808
731  1632
732  14501
733  20738
734  25945
735  35214
736  405
737  21955
738  13716
739  406
740  9273
741  1434
742  13081
743  14855
744  5061
745  28673
746  15157
747  8549
748  11747
749  21176
750  1504
751  13021
752  15054
753  32784
754  15762
755  12028
756  17278
757  6048
758  9009
759  18440
760  11701
761  14431
762  25552
763  32458
764  26220
765  1180
766  20237
767  26108
768  21443
769  322
770  21538
771  11640
772  1155
773  7099
774  24587
775  13242
776  19669
777  16089
778  22985
779  29618
780  1283
781  2039
782  30491
783  10958
784  5795
785  16674
786  975
787  23412
788  5262
789  7543
790  20422
791  11447
792  19061
793  10218
794  10779
795  5288
796  15545
797  20349
798  30183
799  8242
800  14858
801  21343
802  807
803  15686
804  26050
805  20038
806  23944
807  26574
808  10920
809  4513
810  11939
811  7335
812  26762
813  9192
814  8912
815  6601
816  28569
817  21845
818  3569
819  29220
820  24174
821  23332
822  24831
823  10578
824  17316
825  21435
826  30007
827  10040
828  1702
829  18527
830  30026
831  1233
832  26027
833  4823
834  27760
835  29069
836  19274
837  10616
838  31122
839  10068
840  22107
841  945
842  4459
843  11515
844  4430
845  9054
846  29392
847  4924
848  11867
849  28348
850  21226
851  1113
852  11779
853  1965
854  3612
855  22494
856  20741
857  1572
858  20917
859  4964
860  4329
861  20175
862  15687
863  35111
864  7648
865  5295
866  9897
867  14690
868  17398
869  1393
870  33076
871  24035
872  27974
873  7680
874  14759
875  21880
876  13348
877  5011
878  11997
879  8379
880  11154
881  912
882  16000
883  26710
884  10274
885  2409
886  16799
887  7151
888  5674
889  4804
890  19771
891  22682
892  4291
893  8342
894  15002
895  14081
896  20608
897  602
898  16382
899  1261
900  16176
901  6308
902  20994
903  7642
904  2368
905  27652
906  12236
907  16789
908  5306
909  923
910  2278
911  1535
912  14090
913  21686
914  21745
915  20040
916  14452
917  20310
918  13117
919  29011
920  15083
921  16163
922  14825
923  12357
924  31698
925  12680
926  100
927  35193
928  31286
929  18475
930  24424
931  10473
932  17390
933  7199
934  5355
935  25720
936  21162
937  18283
938  3611
939  7117
940  12105
941  7704
942  27895
943  7835
944  1918
945  20388
946  13163
947  15745
948  4376
949  27202
950  19742
951  8349
952  14598
953  16553
954  5039
955  25566
956  21900
957  1069
958  18037
959  19605
960  23113
961  15658
962  4732
963  4887
964  5115
965  25299
966  25982
967  7432
968  7170
969  9655
970  1528
971  8350
972  13368
973  115
974  8961
975  20789
976  4841
977  8119
978  14262
979  17321
980  12946
981  31424
982  8256
983  8430
984  18245
985  1596
986  21234
987  7787
988  4845
989  31318
990  9367
991  12092
992  7839
993  7596
994  4859
995  14565
996  3344
997  19809
998  22070
999  23836
1000  29065
1001  8149
1002  24311
1003  1099
1004  13089
1005  21648
1006  841
1007  27158
1008  32816
1009  9588
1010  5231
1011  19466
1012  9096
1013  16916
1014  14884
1015  7836
1016  7910
1017  24926
1018  10052
1019  28008
1020  9332
1021  4962
1022  35229
1023  4462
1024  31967
1025  3568
1026  26976
1027  4543
1028  14438
1029  1977
1030  5347
1031  25468
1032  32912
1033  27508
1034  7888
1035  27442
1036  28009
1037  27615
1038  28385
1039  25132
1040  29142
1041  26586
1042  27854
1043  7718
1044  15427
1045  27081
1046  12609
1047  8873
1048  17722
1049  25198
1050  24960
1051  19342
1052  3452
1053  18098
1054  25298
1055  14218
1056  8926
1057  7617
1058  15895
1059  21207
1060  8585
1061  23058
1062  1065
1063  9839
1064  18794
1065  7010
1066  21712
1067  22360
1068  25485
1069  20287
1070  552
1071  14164
1072  28881
1073  13405
1074  5409
1075  4911
1076  16012
1077  32043
1078  4905
1079  5626
1080  8540
1081  12318
1082  1651
1083  27866
1084  725
1085  8066
1086  4787
1087  23069
1088  21187
1089  21447
1090  4684
1091  18342
1092  5361
1093  24762
1094  17338
1095  13079
1096  20522
1097  20054
1098  15598
1099  24065
1100  24798
1101  22968
1102  6495
1103  29848
1104  8863
1105  9343
1106  8914
1107  5072
1108  12377
1109  331
1110  30784
1111  22291
1112  3634
1113  6399
1114  12277
1115  24024
1116  9408
1117  32585
1118  13036
1119  7837
1120  20356
1121  15136
1122  12544
1123  28318
1124  6333
1125  553
1126  5086
1127  19053
1128  1138
1129  30495
1130  6512
1131  11914
1132  13460
1133  894
1134  23559
1135  20886
1136  6039
1137  17628
1138  30721
1139  13101
1140  23600
1141  4550
1142  23413
1143  4814
1144  13501
1145  35196
1146  4021
1147  369
1148  5996
1149  4224
1150  1761
1151  15110
1152  10832
1153  7123
1154  12495
1155  10
1156  7163
1157  617
1158  2067
1159  25705
1160  18573
1161  32004
1162  6211
1163  29949
1164  20552
1165  9216
1166  7257
1167  8838
1168  20515
1169  909
1170  20897
1171  3331
1172  971
1173  21797
1174  20303
1175  17467
1176  24932
1177  27888
1178  17455
1179  30619
1180  26931
1181  19844
1182  25548
1183  1777
1184  18189
1185  25584
1186  13039
1187  1056
1188  30376
1189  32
1190  31914
1191  11989
1192  24334
1193  10683
1194  29231
1195  21340
1196  16395
1197  18614
1198  4716
1199  14264
1200  4618
1201  16694
1202  16864
1203  116
1204  5146
1205  23001
1206  16958
1207  12991
1208  5751
1209  25718
1210  721
1211  9292
1212  27194
1213  2206
1214  17985
1215  17236
1216  8997
1217  20103
1218  7716
1219  20134
1220  2087
1221  18270
1222  5917
1223  13998
1224  18825
1225  1521
1226  12272
1227  23115
1228  835
1229  5238
1230  7733
1231  31703
1232  6508
1233  2388
1234  11245
1235  29621
1236  35172
1237  11868
1238  14552
1239  28019
1240  9748
1241  25208
1242  30166
1243  9432
1244  353
1245  18394
1246  4386
1247  12601
1248  10475
1249  31050
1250  35176
1251  4847
1252  12970
1253  4518
1254  14721
1255  5205
1256  17624
1257  7017
1258  12493
1259  12292
1260  5330
1261  21314
1262  5350
1263  8492
1264  8530
1265  1580
1266  7337
1267  21711
1268  1501
1269  10542
1270  1692
1271  7628
1272  27543
1273  7764
1274  5528
1275  24949
1276  24451
1277  31234
1278  19465
1279  13623
1280  5710
1281  3304
1282  19479
1283  6509
1284  29391
1285  21195
1286  1567
1287  6409
1288  15255
1289  6025
1290  20368
1291  21830
1292  21237
1293  5001
1294  14631
1295  22460
1296  32951
1297  24474
1298  23075
1299  6224
1300  14276
1301  4840
1302  10868
1303  1727
1304  19850
1305  2331
1306  26036
1307  20415
1308  22470
1309  167
1310  21553
1311  7479
1312  26477
1313  16899
1314  25906
1315  26930
1316  31243
1317  24236
1318  18151
1319  16162
1320  14948
1321  25868
1322  27318
1323  5728
1324  25888
1325  20754
1326  25870
1327  1708
1328  22960
1329  27326
1330  13248
1331  25944
1332  1231
1333  28623
1334  592
1335  4371
1336  14684
1337  20333
1338  22414
1339  2301
1340  1981
1341  13001
1342  17616
1343  26856
1344  28599
1345  7016
1346  21247
1347  10906
1348  24917
1349  9416
1350  21189
1351  11247
1352  1582
1353  26317
1354  17720
1355  10016
1356  27462
1357  23730
1358  14656
1359  1470
1360  1446
1361  27655
1362  6203
1363  9622
1364  3524
1365  15759
1366  3317
1367  18734
1368  8632
1369  30796
1370  5379
1371  4442
1372  791
1373  13387
1374  1248
1375  5252
1376  10566
1377  24978
1378  5308
1379  4318
1380  14309
1381  26850
1382  7593
1383  752
1384  26521
1385  11081
1386  25986
1387  21076
1388  2236
1389  2022
1390  10995
1391  14298
1392  24489
1393  21590
1394  3400
1395  1342
1396  6430
1397  3544
1398  1363
1399  3286
1400  26487
1401  25700
1402  684
1403  24539
1404  14835
1405  1268
1406  25171
1407  9386
1408  7520
1409  5125
1410  29808
1411  13180
1412  19880
1413  11003
1414  18005
1415  11350
1416  12542
1417  29638
1418  4380
1419  22300
1420  12983
1421  21311
1422  12016
1423  14506
1424  10839
1425  7834
1426  11147
1427  35024
1428  11128
1429  2106
1430  5622
1431  18824
1432  14063
1433  15791
1434  30682
1435  11900
1436  888
1437  12463
1438  4238
1439  17380
1440  21332
1441  10889
1442  10843
1443  10596
1444  8222
1445  17724
1446  4560
1447  1451
1448  19766
1449  18875
1450  9964
1451  121
1452  19936
1453  18602
1454  9542
1455  18605
1456  13236
1457  19005
1458  17716
1459  23898
1460  11804
1461  8657
1462  6398
1463  9007
1464  9564
1465  12336
1466  30457
1467  28613
1468  6041
1469  4679
1470  31278
1471  14420
1472  5297
1473  7769
1474  6379
1475  24543
1476  12314
1477  3602
1478  15741
1479  8465
1480  13251
1481  1748
1482  25811
1483  4287
1484  1838
1485  4858
1486  26041
1487  20916
1488  13699
1489  14975
1490  13157
1491  27023
1492  22416
1493  13268
1494  5435
1495  5370
1496  17606
1497  5282
1498  4810
1499  24326
1500  10831
1501  528
1502  1235
1503  19526
1504  21045
1505  9084
1506  13895
1507  5433
1508  9524
1509  19842
1510  12586
1511  7028
1512  26493
1513  20382
1514  1152
1515  27354
1516  7897
1517  13245
1518  12585
1519  5924
1520  11315
1521  29381
1522  1529
1523  12050
1524  337
1525  17892
1526  18035
1527  12342
1528  13257
1529  3343
1530  7196
1531  9621
1532  8671
1533  17353
1534  5195
1535  4631
1536  24678
1537  4398
1538  4565
1539  11954
1540  14138
1541  25056
1542  6236
1543  12179
1544  3549
1545  12325
1546  23631
1547  27308
1548  5441
1549  562
1550  1541
1551  16831
1552  30322
1553  3275
1554  28159
1555  13179
1556  8662
1557  11062
1558  1384
1559  28773
1560  25767
1561  27126
1562  6198
1563  9774
1564  8807
1565  9076
1566  20520
1567  5906
1568  15997
1569  1400
1570  17282
1571  23729
1572  16524
1573  156
1574  14208
1575  29026
1576  652
1577  5658
1578  12576
1579  26032
1580  1028
1581  23507
1582  31447
1583  30276
1584  18604
1585  10932
1586  3583
1587  5303
1588  9505
1589  4401
1590  5426
1591  32933
1592  18365
1593  15253
1594  2024
1595  24258
1596  21345
1597  30811
1598  18938
1599  1603
1600  26885
1601  630
1602  21368
1603  7611
1604  4603
1605  29379
1606  9170
1607  5956
1608  21471
1609  7299
1610  24761
1611  13126
1612  20561
1613  5914
1614  18854
1615  502
1616  22131
1617  16105
1618  10645
1619  1688
1620  2156
1621  4828
1622  9491
1623  24909
1624  21099
1625  120
1626  16276
1627  11684
1628  20450
1629  19420
1630  4383
1631  27843
1632  15161
1633  1315
1634  32211
1635  17459
1636  27936
1637  1588
1638  16788
1639  88
1640  8286
1641  21341
1642  20125
1643  8509
1644  13993
1645  5209
1646  343
1647  12581
1648  30623
1649  33236
1650  22755
1651  7270
1652  13890
1653  23105
1654  21047
1655  170
1656  18375
1657  15860
1658  4820
1659  5167
1660  7312
1661  25598
1662  1540
1663  14562
1664  15060
1665  13849
1666  7497
1667  15527
1668  14921
1669  24686
1670  24386
1671  11633
1672  30399
1673  19892
1674  15290
1675  28429
1676  7636
1677  25599
1678  31736
1679  21181
1680  17324
1681  6485
1682  28747
1683  4819
1684  8176
1685  30744
1686  29530
1687  8178
1688  7967
1689  4461
1690  7914
1691  20397
1692  7979
1693  14586
1694  7300
1695  26693
1696  8207
1697  5778
1698  18282
1699  426
1700  21452
1701  20236
1702  25840
1703  21495
1704  24135
1705  20203
1706  27542
1707  4278
1708  29593
1709  15532
1710  7630
1711  9169
1712  46
1713  7081
1714  8603
1715  20604
1716  25311
1717  27267
1718  26308
1719  9498
1720  4439
1721  3352
1722  4503
1723  23622
1724  23087
1725  17997
1726  10960
1727  13551
1728  3401
1729  32178
1730  19354
1731  8717
1732  22293
1733  11023
1734  11033
1735  5043
1736  6175
1737  30435
1738  8654
1739  7742
1740  13148
1741  20133
1742  17406
1743  13472
1744  27982
1745  15264
1746  17858
1747  20751
1748  25797
1749  27890
1750  22425
1751  22433
1752  16818
1753  4451
1754  20294
1755  24406
1756  32588
1757  11827
1758  14848
1759  4392
1760  24865
1761  6479
1762  27632
1763  7700
1764  17131
1765  28979
1766  10769
1767  27809
1768  19349
1769  12285
1770  17572
1771  17726
1772  5484
1773  23905
1774  25370
1775  3328
1776  29523
1777  12528
1778  20472
1779  24351
1780  24436
1781  12070
1782  19459
1783  10856
1784  1353
1785  29883
1786  11108
1787  8572
1788  15843
1789  21833
1790  507
1791  5378
1792  21760
1793  27478
1794  11331
1795  23664
1796  19188
1797  23934
1798  17286
1799  10786
1800  26054
1801  2389
1802  13391
1803  27683
1804  7128
1805  18195
1806  2379
1807  28433
1808  5078
1809  20529
1810  21638
1811  4611
1812  9928
1813  19392
1814  25526
1815  27082
1816  22333
1817  18563
1818  1715
1819  3446
1820  10935
1821  30575
1822  8809
1823  27117
1824  18287
1825  21167
1826  3579
1827  4614
1828  8707
1829  24790
1830  8882
1831  5508
1832  28524
1833  4474
1834  28218
1835  33105
1836  7435
1837  21554
1838  10806
1839  4478
1840  6191
1841  22876
1842  13188
1843  3919
1844  33150
1845  21150
1846  6373
1847  9174
1848  9926
1849  21708
1850  27877
1851  27775
1852  29777
1853  12809
1854  5345
1855  6076
1856  5589
1857  27489
1858  9109
1859  22196
1860  6073
1861  23033
1862  11622
1863  21064
1864  5348
1865  12981
1866  2014
1867  13621
1868  7174
1869  21897
1870  27283
1871  15309
1872  11222
1873  9177
1874  1327
1875  23659
1876  4615
1877  6168
1878  26446
1879  3380
1880  10215
1881  14024
1882  3547
1883  7484
1884  25608
1885  23727
1886  11495
1887  7832
1888  1254
1889  16407
1890  17259
1891  2266
1892  13462
1893  27516
1894  30361
1895  14490
1896  15801
1897  31369
1898  27209
1899  18398
1900  5448
1901  5314
1902  17678
1903  6378
1904  15554
1905  11542
1906  3526
1907  7339
1908  9686
1909  17280
1910  21169
1911  5064
1912  7918
1913  31094
1914  9359
1915  2357
1916  1718
1917  10959
1918  2162
1919  24588
1920  18776
1921  35159
1922  6269
1923  391
1924  9641
1925  18033
1926  7040
1927  25332
1928  2387
1929  1650
1930  23068
1931  5152
1932  25836
1933  2281
1934  25591
1935  6136
1936  14261
1937  8312
1938  6356
1939  26083
1940  26034
1941  20718
1942  19773
1943  2334
1944  15
1945  9837
1946  8984
1947  22350
1948  25860
1949  3478
1950  21102
1951  19020
1952  9625
1953  14806
1954  19588
1955  24860
1956  16349
1957  8841
1958  20266
1959  2007
1960  28195
1961  18473
1962  22423
1963  14135
1964  19918
1965  5632
1966  12763
1967  18582
1968  25768
1969  20659
1970  7662
1971  13137
1972  14828
1973  1807
1974  12330
1975  12370
1976  20339
1977  21046
1978  18586
1979  29613
1980  1348
1981  17294
1982  25185
1983  17768
1984  30434
1985  13304
1986  4696
1987  29513
1988  10531
1989  9398
1990  26307
1991  1707
1992  6604
1993  35230
1994  1047
1995  3489
1996  19088
1997  18576
1998  24347
1999  6594
2000  28405
2001  25612
2002  9721
2003  22235
2004  13279
2005  25935
2006  22669
2007  1593
2008  12518
2009  1581
2010  6581
2011  1534
2012  5488
2013  18160
2014  5812
2015  12674
2016  15583
2017  3476
2018  25992
2019  4247
2020  17574
2021  25367
2022  16557
2023  21506
2024  1093
2025  27685
2026  4484
2027  14206
2028  1975
2029  26509
2030  26443
2031  1060
2032  16285
2033  4625
2034  12291
2035  20013
2036  24603
2037  8615
2038  19434
2039  31604
2040  10572
2041  22965
2042  29528
2043  4208
2044  10067
2045  9044
2046  17980
2047  11736
2048  35030
2049  4429
2050  12472
2051  10442
2052  5183
2053  4514
2054  21369
2055  10739
2056  31596
2057  16448
2058  18378
2059  4832
2060  13635
2061  30326
2062  21094
2063  13103
2064  21335
2065  27042
2066  24427
2067  11499
2068  5588
2069  11277
2070  3658
2071  27937
2072  1063
2073  845
2074  13516
2075  5114
2076  25766
2077  10714
2078  18099
2079  7495
2080  21966
2081  27677
2082  1856
2083  4777
2084  29615
2085  6202
2086  15259
2087  15303
2088  2283
2089  13169
2090  20660
2091  28212
2092  14544
2093  8716
2094  11262
2095  17987
2096  26076
2097  19079
2098  625
2099  17626
2100  10314
2101  1940
2102  25735
2103  18821
2104  17295
2105  25230
2106  30082
2107  21934
2108  4646
2109  17399
2110  12317
2111  4940
2112  18145
2113  8858
2114  26037
2115  13671
2116  10940
2117  20381
2118  32723
2119  30433
2120  1427
2121  15744
2122  22324
2123  8822
2124  5673
2125  838
2126  18183
2127  27696
2128  23625
2129  7603
2130  1298
2131  1834
2132  28431
2133  18610
2134  12091
2135  21155
2136  30614
2137  7371
2138  12140
2139  21362
2140  9017
2141  1787
2142  25166
2143  12593
2144  16623
2145  13208
2146  24099
2147  29334
2148  33294
2149  17762
2150  6327
2151  26517
2152  18500
2153  12501
2154  9840
2155  8794
2156  1352
2157  18218
2158  21500
2159  5255
2160  6434
2161  446
2162  12320
2163  7360
2164  4432
2165  23291
2166  12939
2167  17344
2168  31149
2169  25384
2170  12547
2171  9374
2172  27656
2173  24687
2174  18248
2175  31608
2176  7255
2177  11772
2178  1846
2179  33104
2180  18593
2181  11846
2182  10770
2183  2072
2184  18504
2185  16642
2186  4818
2187  27783
2188  7798
2189  10575
2190  17424
2191  28904
2192  8711
2193  154
2194  5945
2195  24899
2196  1645
2197  10463
2198  35194
2199  28843
2200  3375
2201  21287
2202  29121
2203  15299
2204  20903
2205  32009
2206  35220
2207  159
2208  10036
2209  2187
2210  12590
2211  22438
2212  4516
2213  20532
2214  13263
2215  21544
2216  14155
2217  2069
2218  29988
2219  6181
2220  26459
2221  23030
2222  18570
2223  4917
2224  32592
2225  7156
2226  4443
2227  321
2228  10198
2229  20657
2230  25933
2231  1321
2232  5598
2233  657
2234  28808
2235  23208
2236  7288
2237  2178
2238  15482
2239  10713
2240  12589
2241  8513
2242  13207
2243  4775
2244  13440
2245  29143
2246  17576
2247  7248
2248  18737
2249  131
2250  9981
2251  10340
2252  24879
2253  13290
2254  19149
2255  25403
2256  12311
2257  22617
2258  19168
2259  14787
2260  870
2261  7074
2262  19468
2263  5647
2264  23089
2265  4643
2266  35233
2267  6253
2268  21609
2269  3335
2270  1801
2271  11494
2272  2063
2273  22905
2274  998
2275  27499
2276  10968
2277  26708
2278  21266
2279  17529
2280  27006
2281  12406
2282  7912
2283  13140
2284  26482
2285  708
2286  6300
2287  4195
2288  29010
2289  6531
2290  10338
2291  4232
2292  17636
2293  7097
2294  26304
2295  21620
2296  24380
2297  18285
2298  9205
2299  10821
2300  22443
2301  25817
2302  17322
2303  830
2304  17592
2305  21306
2306  16539
2307  12728
2308  12096
2309  32410
2310  25606
2311  14062
2312  10857
2313  24827
2314  10936
2315  27315
2316  6097
2317  1762
2318  16904
2319  4623
2320  12002
2321  2017
2322  13010
2323  5486
2324  4561
2325  22661
2326  10580
2327  4019
2328  7210
2329  15170
2330  29571
2331  3593
2332  173
2333  3447
2334  28409
2335  24924
2336  31096
2337  16641
2338  4825
2339  16414
2340  9775
2341  13436
2342  27148
2343  18143
2344  10570
2345  18340
2346  20899
2347  18627
2348  29252
2349  5305
2350  25149
2351  1851
2352  7383
2353  18339
2354  29601
2355  30942
2356  1413
2357  32088
2358  21241
2359  33205
2360  13922
2361  9834
2362  13839
2363  30004
2364  5198
2365  25304
2366  1573
2367  28131
2368  1680
2369  1507
2370  17327
2371  22352
2372  11070
2373  24180
2374  22475
2375  15395
2376  5048
2377  8474
2378  15675
2379  7086
2380  14757
2381  14098
2382  1686
2383  20407
2384  7168
2385  22243
2386  29035
2387  5287
2388  5427
2389  17409
2390  7131
2391  7369
2392  19062
2393  25138
2394  7521
2395  16797
2396  22526
2397  7709
2398  1156
2399  3324
2400  27038
2401  14795
2402  14382
2403  727
2404  10941
2405  2338
2406  29029
2407  24690
2408  22491
2409  25369
2410  12355
2411  15994
2412  16583
2413  10033
2414  6159
2415  24684
2416  26043
2417  4803
2418  10346
2419  18525
2420  26620
2421  13525
2422  24870
2423  20410
2424  1881
2425  5760
2426  3567
2427  13851
2428  12312
2429  13054
2430  12297
2431  9191
2432  9347
2433  19772
2434  9986
2435  7408
2436  697
2437  24586
2438  21295
2439  12969
2440  32179
2441  23349
2442  30366
2443  25965
2444  24560
2445  4974
2446  3603
2447  1640
2448  8015
2449  18742
2450  14414
2451  31224
2452  24963
2453  15531
2454  10896
2455  29176
2456  24003
2457  27324
2458  407
2459  1701
2460  16109
2461  2282
2462  6267
2463  1523
2464  9477
2465  1277
2466  30789
2467  4520
2468  6359
2469  1765
2470  18156
2471  1904
2472  31225
2473  643
2474  20002
2475  21053
2476  661
2477  21761
2478  27292
2479  1989
2480  2390
2481  10569
2482  2358
2483  2137
2484  19807
2485  9821
2486  9438
2487  4824
2488  24229
2489  27411
2490  17385
2491  1031
2492  28652
2493  33204
2494  17346
2495  601
2496  28677
2497  8115
2498  8896
2499  5131
2500  16607
2501  13011
2502  12958
2503  29302
2504  30246
2505  20946
2506  6404
2507  5150
2508  27086
2509  18431
2510  25215
2511  5483
2512  29776
2513  15469
2514  8233
2515  17288
2516  21320
2517  35031
2518  4400
2519  21615
2520  21613
2521  6456
2522  12976
2523  22207
2524  31306
2525  707
2526  28729
2527  6363
2528  17967
2529  1951
2530  23461
2531  9618
2532  29393
2533  32983
2534  19430
2535  10872
2536  29177
2537  4444
2538  23055
2539  18613
2540  15952
2541  8257
2542  3292
2543  11045
2544  27645
2545  18147
2546  8171
2547  25373
2548  17921
2549  17810
2550  26774
2551  12026
2552  7102
2553  334
2554  8652
2555  3332
2556  18242
2557  15984
2558  1162
2559  24731
2560  16801
2561  10937
2562  20896
2563  14719
2564  13668
2565  4891
2566  22093
2567  12193
2568  11286
2569  26065
2570  924
2571  15654
2572  13842
2573  2360
2574  9366
2575  10864
2576  23894
2577  21190
2578  425
2579  1873
2580  8410
2581  21334
2582  10993
2583  19423
2584  9514
2585  29507
2586  6190
2587  20191
2588  18094
2589  4933
2590  12103
2591  21868
2592  4413
2593  14503
2594  27896
2595  13194
2596  24606
2597  14889
2598  5619
2599  30139
2600  17341
2601  8302
2602  27436
2603  9294
2604  18626
2605  8018
2606  5103
2607  29688
2608  4987
2609  27962
2610  7018
2611  2344
2612  12174
2613  10071
2614  6458
2615  4730
2616  25976
2617  24181
2618  3307
2619  30001
2620  24780
2621  21106
2622  24808
2623  24167
2624  6525
2625  10787
2626  9401
2627  17506
2628  10646
2629  8793
2630  24348
2631  5696
2632  32078
2633  5833
2634  30043
2635  17783
2636  5892
2637  19671
2638  19276
2639  27662
2640  17138
2641  12301
2642  10908
2643  4930
2644  4688
2645  21425
2646  25704
2647  21349
2648  13620
2649  18522
2650  21235
2651  32076
2652  8552
2653  25770
2654  4881
2655  5203
2656  10456
2657  29157
2658  9791
2659  33131
2660  7530
2661  32085
2662  27984
2663  8776
2664  12992
2665  10055
2666  15332
2667  13888
2668  20009
2669  8766
2670  10010
2671  19769
2672  20367
2673  1459
2674  2143
2675  15743
2676  13951
2677  13057
2678  26994
2679  9395
2680  21614
2681  21261
2682  14888
2683  28091
2684  17854
2685  8719
2686  20182
2687  19179
2688  30161
2689  8143
2690  14831
2691  16078
2692  6266
2693  1622
2694  12233
2695  5439
2696  22075
2697  35070
2698  10364
2699  8369
2700  340
2701  8006
2702  18136
2703  4447
2704  7702
2705  107
2706  14538
2707  27377
2708  6394
2709  20932
2710  17880
2711  24177
2712  21220
2713  11492
2714  13040
2715  25783
2716  9067
2717  25636
2718  33
2719  29263
2720  10013
2721  4700
2722  14
2723  8296
2724  7169
2725  3336
2726  30480
2727  29498
2728  11996
2729  7284
2730  5365
2731  24613
2732  20541
2733  21685
2734  7296
2735  24176
2736  24238
2737  4470
2738  27008
2739  8249
2740  2322
2741  23638
2742  439
2743  18228
2744  25879
2745  27176
2746  18578
2747  27941
2748  18095
2749  21276
2750  24704
2751  11177
2752  27907
2753  13265
2754  4435
2755  16968
2756  26035
2757  5083
2758  13178
2759  24211
2760  1812
2761  10939
2762  17273
2763  22118
2764  12645
2765  686
2766  20904
2767  17541
2768  11352
2769  21914
2770  14074
2771  14773
2772  1424
2773  22479
2774  5577
2775  9391
2776  1725
2777  17363
2778  5395
2779  5463
2780  11690
2781  1118
2782  20717
2783  336
2784  15591
2785  27798
2786  8816
2787  5268
2788  13638
2789  14497
2790  5912
2791  3462
2792  35163
2793  10678
2794  26831
2795  706
2796  21156
2797  21370
2798  4745
2799  28587
2800  4947
2801  1633
2802  30012
2803  2029
2804  26441
2805  1286
2806  24805
2807  32758
2808  26049
2809  25907
2810  10957
2811  26272
2812  4869
2813  21093
2814  25883
2815  24255
2816  8016
2817  970
2818  13069
2819  660
2820  6497
2821  6530
2822  10458
2823  11652
2824  31794
2825  24206
2826  9504
2827  7115
2828  6156
2829  24480
2830  1189
2831  9204
2832  7563
2833  10666
2834  3425
2835  29515
2836  5566
2837  4827
2838  7699
2839  17464
2840  28227
2841  1649
2842  24015
2843  13204
2844  14156
2845  1141
2846  5229
2847  8949
2848  31659
2849  9178
2850  5400
2851  5168
2852  10850
2853  21375
2854  10185
2855  20214
2856  9325
2857  1271
2858  15925
2859  5748
2860  30195
2861  26889
2862  13456
2863  9171
2864  12977
2865  18882
2866  19038
2867  22903
2868  20968
2869  21578
2870  7589
2871  18171
2872  31220
2873  8593
2874  26587
2875  22452
2876  3432
2877  17374
2878  11832
2879  7155
2880  25083
2881  844
2882  30463
2883  6201
2884  30011
2885  5202
2886  24935
2887  14027
2888  20863
2889  21322
2890  1968
2891  18561
2892  22480
2893  13396
2894  19503
2895  4283
2896  21529
2897  33174
2898  1684
2899  2285
2900  2163
2901  22405
2902  6098
2903  8804
2904  8922
2905  17477
2906  2383
2907  5046
2908  7287
2909  22477
2910  24922
2911  32878
2912  9931
2913  15789
2914  24359
2915  19006
2916  11969
2917  30839
2918  21876
2919  21267
2920  22851
2921  14902
2922  22132
2923  11547
2924  1461
2925  25386
2926  22404
2927  14548
2928  5665
2929  11548
2930  29957
2931  1717
2932  13016
2933  22409
2934  4870
2935  13435
2936  1886
2937  10114
2938  2295
2939  10976
2940  26711
2941  9262
2942  2048
2943  20761
2944  21881
2945  22033
2946  12203
2947  22603
2948  26119
2949  31681
2950  29752
2951  17334
2952  13289
2953  12354
2954  15281
2955  21043
2956  1822
2957  21354
2958  6364
2959  722
2960  7635
2961  23097
2962  20418
2963  21618
2964  1902
2965  26000
2966  4757
2967  22510
2968  25560
2969  16401
2970  32932
2971  8480
2972  4377
2973  1328
2974  23071
2975  17610
2976  8491
2977  26248
2978  9900
2979  17323
2980  18552
2981  32865
2982  6338
2983  17597
2984  17856
2985  18620
2986  11624
2987  26512
2988  23598
2989  23481
2990  1953
2991  13669
2992  26029
2993  19340
2994  17595
2995  1436
2996  906
2997  22064
2998  27995
2999  4755
3000  21367
3001  18153
3002  5503
3003  3362
3004  18191
3005  21884
3006  11546
3007  6263
3008  11773
3009  7717
3010  1236
3011  15732
3012  8007
3013  11889
3014  7688
3015  1474
3016  13082
3017  855
3018  1999
3019  5596
3020  4381
3021  529
3022  8633
3023  8416
3024  1585
3025  28523
3026  26925
3027  11872
3028  537
3029  10707
3030  24157
3031  1752
3032  1754
3033  1303
3034  22295
3035  21642
3036  5169
3037  17246
3038  4465
3039  23966
3040  15870
3041  23024
3042  22918
3043  24990
3044  13022
3045  11982
3046  2193
3047  32717
3048  12306
3049  130
3050  11536
3051  15691
3052  545
3053  2074
3054  15631
3055  27898
3056  607
3057  10377
3058  25241
3059  623
3060  20017
3061  11086
3062  15099
3063  21317
3064  27270
3065  31624
3066  8570
3067  21217
3068  22398
3069  1910
3070  27155
3071  30859
3072  5925
3073  2117
3074  6062
3075  18014
3076  20361
3077  20585
3078  32153
3079  8708
3080  16951
3081  435
3082  5706
3083  5541
3084  18281
3085  12496
3086  21209
3087  20516
3088  18097
3089  28766
3090  14306
3091  18603
3092  11726
3093  16159
3094  18265
3095  27743
3096  125
3097  5104
3098  10931
3099  21302
3100  1274
3101  8645
3102  33155
3103  31581
3104  11372
3105  18572
3106  24510
3107  12789
3108  31275
3109  20555
3110  1860
3111  20157
3112  6177
3113  5646
3114  843
3115  10913
3116  9480
3117  4805
3118  9261
3119  17736
3120  4230
3121  25830
3122  13020
3123  31089
3124  12541
3125  11093
3126  28221
3127  9515
3128  14286
3129  7092
3130  837
3131  8054
3132  12270
3133  11016
3134  9220
3135  4641
3136  17238
3137  26575
3138  20512
3139  11863
3140  1862
3141  11725
3142  18017
3143  26765
3144  27095
3145  24389
3146  4289
3147  7797
3148  13087
3149  14667
3150  24462
3151  672
3152  18229
3153  8108
3154  20558
3155  17292
3156  19373
3157  28449
3158  17862
3159  4736
3160  5246
3161  29278
3162  12967
3163  21776
3164  13088
3165  23874
3166  25006
3167  10643
3168  21839
3169  27658
3170  14251
3171  31003
3172  14730
3173  23451
3174  11913
3175  1517
3176  24187
3177  32553
3178  15248
3179  12057
3180  15152
3181  31931
3182  28473
3183  13312
3184  21303
3185  5189
3186  11172
3187  14095
3188  20003
3189  13655
3190  8358
3191  7365
3192  13003
3193  4669
3194  18873
3195  8618
3196  8741
3197  1775
3198  12412
3199  2287
3200  1741
3201  23436
3202  6529
3203  27333
3204  10677
3205  24032
3206  5869
3207  19878
3208  1007
3209  30805
3210  29799
3211  21971
3212  25871
3213  10614
3214  7849
3215  18284
3216  32919
3217  5096
3218  1608
3219  30697
3220  3507
3221  12810
3222  13833
3223  13129
3224  8861
3225  26480
3226  13060
3227  23641
3228  17808
3229  8917
3230  27488
3231  22604
3232  6090
3233  2373
3234  249
3235  7414
3236  7559
3237  954
3238  5269
3239  16169
3240  26660
3241  10076
3242  2047
3243  31248
3244  26327
3245  6235
3246  32210
3247  12675
3248  13379
3249  11491
3250  9224
3251  1779
3252  6299
3253  10773
3254  13071
3255  6153
3256  6037
3257  29503
3258  584
3259  20578
3260  3379
3261  35161
3262  31568
3263  29757
3264  14803
3265  8823
3266  3277
3267  1143
3268  2230
3269  8347
3270  4889
3271  21888
3272  8932
3273  17618
3274  4835
3275  1487
3276  17297
3277  17503
3278  7478
3279  11933
3280  25706
3281  1008
3282  19045
3283  24626
3284  5693
3285  10825
3286  3322
3287  18797
3288  29202
3289  16006
3290  25534
3291  6422
3292  10817
3293  28780
3294  8872
3295  24256
3296  27527
3297  18304
3298  28589
3299  22089
3300  7180
3301  4393
3302  24491
3303  389
3304  24928
3305  10269
3306  10838
3307  4996
3308  19789
3309  13468
3310  11169
3311  7815
3312  18093
3313  26557
3314  520
3315  24398
3316  18515
3317  25389
3318  27698
3319  5903
3320  9745
3321  9
3322  28506
3323  9301
3324  7202
3325  13109
3326  1908
3327  24222
3328  359
3329  8306
3330  29388
3331  24305
3332  17865
3333  4427
3334  11774
3335  15626
3336  19525
3337  15466
3338  958
3339  17392
3340  5670
3341  8780
3342  5352
3343  1021
3344  11831
3345  27162
3346  20370
3347  28586
3348  15358
3349  24948
3350  24787
3351  12538
3352  155
3353  12234
3354  2410
3355  11123
3356  3294
3357  7036
3358  21907
3359  28960
3360  14187
3361  24515
3362  20411
3363  20376
3364  1068
3365  29570
3366  27388
3367  9163
3368  9460
3369  12504
3370  7410
3371  1750
3372  7535
3373  22522
3374  15637
3375  3585
3376  6389
3377  20867
3378  5069
3379  12517
3380  16757
3381  9211
3382  1509
3383  8693
3384  2016
3385  7767
3386  24140
3387  21472
3388  27127
3389  14987
3390  21874
3391  17812
3392  22453
3393  29493
3394  30169
3395  29079
3396  23793
3397  1931
3398  19485
3399  14589
3400  12310
3401  16755
3402  1714
3403  10557
3404  26515
3405  5493
3406  3546
3407  24708
3408  14475
3409  16224
3410  31244
3411  17317
3412  6510
3413  4822
3414  13535
3415  13004
3416  9946
3417  22208
3418  31641
3419  10927
3420  28798
3421  1644
3422  19770
3423  10789
3424  10499
3425  23764
3426  3384
3427  4367
3428  21297
3429  31324
3430  3521
3431  24078
3432  21292
3433  23860
3434  20392
3435  4969
3436  18273
3437  9586
3438  1488
3439  14986
3440  10955
3441  8664
3442  13644
3443  32987
3444  64
3445  18376
3446  13085
3447  9363
3448  18912
3449  21193
3450  13366
3451  10434
3452  8518
3453  6326
3454  27272
3455  19022
3456  7393
3457  14384
3458  8756
3459  12469
3460  21147
3461  30451
3462  27498
3463  5799
3464  27393
3465  3582
3466  20566
3467  19381
3468  24502
3469  14597
3470  17974
3471  26138
3472  27245
3473  29885
3474  10820
3475  13507
3476  5522
3477  11617
3478  5356
3479  15353
3480  4022
3481  29675
3482  19887
3483  6247
3484  25666
3485  26290
3486  5081
3487  7943
3488  19677
3489  2320
3490  12836
3491  27534
3492  2081
3493  10443
3494  15263
3495  5854
3496  4857
3497  7037
3498  15859
3499  9989
3500  29282
3501  7765
3502  22803
3503  8738
3504  13154
3505  7986
3506  16185
3507  5787
3508  1417
3509  5908
3510  17695
3511  33176
3512  2160
3513  1606
3514  4374
3515  9235
3516  5978
3517  52
3518  21759
3519  7437
3520  17920
3521  21514
3522  10090
3523  11092
3524  21570
3525  5443
3526  24785
3527  14241
3528  29061
3529  24266
3530  27284
3531  25265
3532  9508
3533  16702
3534  6544
3535  32519
3536  5657
3537  11826
3538  12466
3539  5948
3540  29619
3541  1425
3542  27198
3543  5843
3544  8579
3545  13605
3546  12303
3547  7053
3548  13072
3549  2303
3550  6532
3551  20572
3552  10772
3553  10247
3554  698
3555  12588
3556  27064
3557  26091
3558  850
3559  23465
3560  1465
3561  20900
3562  4202
3563  8703
3564  637
3565  2084
3566  21366
3567  3445
3568  21071
3569  10461
3570  12335
3571  19399
3572  21224
3573  5482
3574  24408
3575  3508
3576  12239
3577  13006
3578  10054
3579  4806
3580  5591
3581  12960
3582  1467
3583  6257
3584  22347
3585  5418
3586  14067
3587  23504
3588  22900
3589  1960
3590  14259
3591  26305
3592  11479
3593  25049
3594  7822
3595  21077
3596  22349
3597  5260
3598  14231
3599  22531
3600  4800
3601  24407
3602  29045
3603  25011
3604  9493
3605  17234
3606  30644
3607  1925
3608  15711
3609  23798
3610  5326
3611  5944
3612  26095
3613  26120
3614  21637
3615  506
3616  19296
3617  3355
3618  645
3619  846
3620  13210
3621  14248
3622  24782
3623  7605
3624  8954
3625  21633
3626  17293
3627  995
3628  18551
3629  29274
3630  32145
3631  6015
3632  4480
3633  19033
3634  1564
3635  12276
3636  4709
3637  7129
3638  14968
3639  3276
3640  17947
3641  16565
3642  28114
3643  4788
3644  17523
3645  9758
3646  11751
3647  23072
3648  12345
3649  1597
3650  21488
3651  27514
3652  665
3653  896
3654  20611
3655  18096
3656  19013
3657  17767
3658  27980
3659  11056
3660  12574
3661  16180
3662  1076
3663  1729
3664  27709
3665  9553
3666  18568
3667  1385
3668  32537
3669  5613
3670  26030
3671  27515
3672  12085
3673  22130
3674  10708
3675  2013
3676  16884
3677  28649
3678  27706
3679  5098
3680  24495
3681  30613
3682  6016
3683  13183
3684  23101
3685  26132
3686  7130
3687  5692
3688  3692
3689  5120
3690  20429
3691  956
3692  28416
3693  20895
3694  9263
3695  31451
3696  22472
3697  24973
3698  29612
3699  11453
3700  1771
3701  5184
3702  6047
3703  15510
3704  16569
3705  14122
3706  1471
3707  794
3708  7783
3709  11729
3710  10056
3711  8539
3712  18608
3713  4872
3714  7483
3715  28136
3716  5565
3717  10574
3718  3378
3719  21141
3720  5669
3721  7608
3722  24050
3723  16988
3724  325
3725  5128
3726  27055
3727  24592
3728  21409
3729  7964
3730  15056
3731  8206
3732  3605
3733  25428
3734  6528
3735  26510
3736  25313
3737  13477
3738  994
3739  18585
3740  7103
3741  13797
3742  4717
3743  26890
3744  31193
3745  7876
3746  9912
3747  3309
3748  4257
3749  947
3750  20316
3751  278
3752  10942
3753  11699
3754  12041
3755  5457
3756  4863
3757  6582
3758  9754
3759  12170
3760  30365
3761  10562
3762  8114
3763  21499
3764  24833
3765  6292
3766  13147
3767  11025
3768  24401
3769  471
3770  27222
3771  9071
3772  4895
3773  19776
3774  3298
3775  28132
3776  1525
3777  10011
3778  27138
3779  27139
3780  13224
3781  24497
3782  24777
3783  8144
3784  399
3785  8534
3786  20057
3787  2041
3788  26137
3789  4229
3790  491
3791  8412
3792  6265
3793  25037
3794  35234
3795  9203
3796  4990
3797  13301
3798  10023
3799  4526
3800  930
3801  13018
3802  7601
3803  968
3804  26617
3805  5336
3806  18564
3807  20768
3808  25605
3809  25553
3810  10586
3811  15623
3812  17283
3813  1712
3814  19319
3815  12039
3816  8076
3817  24521
3818  24611
3819  17728
3820  26249
3821  22314
3822  25270
3823  11199
3824  19037
3825  8787
3826  30737
3827  17378
3828  27526
3829  21866
3830  16114
3831  17412
3832  26709
3833  10470
3834  12906
3835  1927
3836  11279
3837  4368
3838  32228
3839  18373
3840  28887
3841  5650
3842  4699
3843  1511
3844  18416
3845  5038
3846  13682
3847  5960
3848  26996
3849  4263
3850  8141
3851  9179
3852  29389
3853  20019
3854  9690
3855  21919
3856  12329
3857  8975
3858  4180
3859  12337
3860  12121
3861  13116
3862  24261
3863  5149
3864  3606
3865  31250
3866  24595
3867  24049
3868  15938
3869  15986
3870  5323
3871  31124
3872  8251
3873  15727
3874  20871
3875  4838
3876  18115
3877  19209
3878  22366
3879  3398
3880  18210
3881  1781
3882  13770
3883  1149
3884  14030
3885  11908
3886  171
3887  11763
3888  18290
3889  4737
3890  4198
3891  13513
3892  4351
3893  618
3894  11818
3895  17
3896  11132
3897  23093
3898  12961
3899  8121
3900  33124
3901  32444
3902  23891
3903  3514
3904  1354
3905  9685
3906  18523
3907  32979
3908  30009
3909  8117
3910  25872
3911  16281
3912  16389
3913  15097
3914  17187
3915  8884
3916  21123
3917  16174
3918  4960
3919  11697
3920  7600
3921  12654
3922  16036
3923  11240
3924  32724
3925  17463
3926  27075
3927  7427
3928  5385
3929  7612
3930  604
3931  20379
3932  599
3933  10131
3934  2031
3935  12351
3936  18167
3937  26081
3938  16653
3939  25066
3940  5360
3941  286
3942  5259
3943  4557
3944  5612
3945  6504
3946  1627
3947  23205
3948  26466
3949  29782
3950  11561
3951  13249
3952  6441
3953  19729
3954  27600
3955  18575
3956  12152
3957  4776
3958  4813
3959  5436
3960  29396
3961  13264
3962  29277
3963  20769
3964  27195
3965  16753
3966  21970
3967  16658
3968  6400
3969  5677
3970  28401
3971  27711
3972  26891
3973  2130
3974  5054
3975  8331
3976  5220
3977  6205
3978  11904
3979  4865
3980  16351
3981  522
3982  4817
3983  5549
3984  13055
3985  22407
3986  33161
3987  7409
3988  5495
3989  3548
3990  6360
3991  23605
3992  129
3993  17969
3994  24040
3995  28160
3996  30155
3997  48
3998  13099
3999  9219
4000  17006
4001  10886
4002  8808
4003  6478
4004  15731
4005  14655
4006  15559
4007  20868
4008  24858
4009  11714
4010  15641
4011  7518
4012  9112
4013  35195
4014  8622
4015  5413
4016  20538
4017  18430
4018  12327
4019  22150
4020  17811
4021  12185
4022  9666
4023  27975
4024  16073
4025  16278
4026  10882
4027  13701
4028  16141
4029  18447
4030  5918
4031  10610
4032  25804
4033  29568
4034  27454
4035  1290
4036  27959
4037  6219
4038  6514
4039  20080
4040  7336
4041  10042
4042  10949
4043  18366
4044  15565
4045  16485
4046  96
4047  18513
4048  4211
4049  14785
4050  18238
4051  28737
4052  15668
4053  24075
4054  27067
4055  13835
4056  3288
4057  31077
4058  18968
4059  27851
4060  10119
4061  17415
4062  20257
4063  23855
4064  8481
4065  1435
4066  3287
4067  18100
4068  13758
4069  13
4070  11625
4071  11973
4072  6229
4073  1220
4074  19166
4075  25809
4076  10122
4077  30010
4078  5533
4079  7842
4080  10320
4081  12625
4082  13298
4083  5852
4084  10691
4085  21870
4086  6313
4087  18768
4088  28387
4089  10172
4090  25333
4091  28668
4092  1785
4093  20493
4094  14178
4095  1766
4096  3609
4097  13743
4098  1457
4099  6440
4100  22253
4101  15798
4102  10895
4103  1681
4104  28064
4105  13651
4106  11609
4107  7492
4108  26279
4109  7514
4110  19240
4111  8658
4112  27092
4113  5684
4114  5364
4115  12321
4116  2044
4117  8749
4118  21013
4119  1481
4120  19035
4121  18303
4122  18846
4123  5382
4124  16634
4125  29444
4126  4899
4127  10865
4128  6393
4129  1479
4130  21746
4131  26139
4132  17525
4133  4328
4134  10246
4135  21348
4136  10982
4137  9337
4138  2174
4139  28831
4140  11306
4141  5211
4142  27661
4143  30045
4144  21216
4145  24014
4146  29253
4147  9773
4148  23153
4149  24956
4150  15113
4151  12805
4152  30231
4153  8894
4154  1679
4155  32773
4156  30592
4157  4654
4158  5232
4159  2260
4160  10873
4161  9741
4162  23096
4163  13715
4164  4589
4165  13419
4166  10588
4167  8497
4168  17445
4169  989
4170  30371
4171  15766
4172  23403
4173  16971
4174  2269
4175  22393
4176  12347
4177  26569
4178  4834
4179  14936
4180  30424
4181  26488
4182  7915
4183  26651
4184  25771
4185  1443
4186  18547
4187  1502
4188  2038
4189  17325
4190  13601
4191  29926
4192  3436
4193  5668
4194  14444
4195  2340
4196  25429
4197  30118
4198  2070
4199  27386
4200  25530
4201  7343
4202  14868
4203  6302
4204  530
4205  2401
4206  12578
4207  1689
4208  32861
4209  18399
4210  11440
4211  5284
4212  20265
4213  22259
4214  4408
4215  11703
4216  18257
4217  578
4218  10833
4219  17868
4220  24437
4221  13246
4222  14526
4223  25482
4224  17483
4225  5857
4226  7127
4227  9708
4228  10809
4229  10917
4230  17853
4231  26948
4232  2262
4233  26084
4234  27323
4235  13478
4236  2381
4237  22877
4238  32012
4239  23081
4240  9239
4241  4337
4242  1658
4243  22546
4244  1469
4245  5241
4246  13362
4247  16277
4248  1549
4249  5275
4250  24594
4251  25268
4252  12172
4253  23329
4254  16526
4255  9267
4256  30700
4257  22552
4258  14923
4259  7434
4260  23351
4261  14300
4262  8258
4263  11242
4264  2144
4265  18921
4266  19377
4267  593
4268  2371
4269  26476
4270  5935
4271  8180
4272  5299
4273  2050
4274  27580
4275  10089
4276  5213
4277  22152
4278  12575
4279  1497
4280  1127
4281  32956
4282  12344
4283  27351
4284  18205
4285  7100
4286  705
4287  2313
4288  22493
4289  13591
4290  12595
4291  352
4292  17475
4293  13700
4294  30031
4295  21808
4296  16415
4297  22387
4298  646
4299  16825
4300  17879
4301  10830
4302  24252
4303  10844
4304  14534
4305  21831
4306  6125
4307  18118
4308  19577
4309  19961
4310  13220
4311  14478
4312  10877
4313  5990
4314  7697
4315  6352
4316  16536
4317  7587
4318  7082
4319  14260
4320  30257
4321  19710
4322  19815
4323  5890
4324  23429
4325  9300
4326  4944
4327  14043
4328  17732
4329  6341
4330  29447
4331  5040
4332  5327
4333  18583
4334  21872
4335  21238
4336  21527
4337  9568
4338  20248
4339  20610
4340  2324
4341  4423
4342  9358
4343  4556
4344  5458
4345  8935
4346  21764
4347  4552
4348  1013
4349  24947
4350  8646
4351  80
4352  24132
4353  13667
4354  18250
4355  20433
4356  1392
4357  1477
4358  24302
4359  21494
4360  17608
4361  11809
4362  1087
4363  4509
4364  24995
4365  25941
4366  10987
4367  19678
4368  24430
4369  4846
4370  11291
4371  7476
4372  17861
4373  1468
4374  10262
4375  1300
4376  12341
4377  10381
4378  7669
4379  4746
4380  5434
4381  27306
4382  13708
4383  26986
4384  1245
4385  11153
4386  10424
4387  25902
4388  11811
4389  20777
4390  15093
4391  14278
4392  5035
4393  134
4394  3540
4395  5322
4396  32744
4397  20825
4398  5158
4399  4839
4400  26993
4401  16466
4402  27135
4403  13164
4404  7405
4405  25050
4406  27266
4407  30390
4408  27250
4409  23018
4410  4285
4411  7613
4412  9258
4413  21090
4414  26362
4415  1132
4416  117
4417  21795
4418  28079
4419  9691
4420  4919
4421  21144
4422  12807
4423  12577
4424  12340
4425  15845
4426  23404
4427  18625
4428  2021
4429  25497
4430  3357
4431  30449
4432  6169
4433  9760
4434  6193
4435  7976
4436  22310
4437  6085
4438  4744
4439  16372
4440  1411
4441  25780
4442  21687
4443  11582
4444  26280
4445  503
4446  13260
4447  30833
4448  4766
4449  10780
4450  5767
4451  8748
4452  19619
4453  13287
4454  8473
4455  26453
4456  1786
4457  27310
4458  10571
4459  13048
4460  10322
4461  6392
4462  18594
4463  25516
4464  12419
4465  26490
4466  27015
4467  17351
4468  6301
4469  23165
4470  17291
4471  24694
4472  4836
4473  2118
4474  31053
4475  28540
4476  4563
4477  20603
4478  4210
4479  18629
4480  18038
4481  11706
4482  17004
4483  14236
4484  13452
4485  8790
4486  9056
4487  1934
4488  16568
4489  7572
4490  21256
4491  13032
4492  21039
4493  2335
4494  5703
4495  240
4496  11891
4497  3607
4498  12571
4499  1438
4500  15779
4501  5561
4502  29693
4503  29091
4504  20233
4505  28438
4506  4934
4507  10163
4508  29715
4509  32456
4510  13645
4511  29023
4512  25214
4513  15088
4514  21014
4515  8134
4516  4266
4517  21001
4518  22346
4519  30641
4520  20963
4521  8275
4522  7203
4523  9387
4524  24101
4525  24621
4526  24645
4527  5758
4528  11080
4529  20884
4530  24225
4531  21350
4532  20282
4533  2189
4534  26320
4535  24871
4536  22731
4537  1660
4538  5574
4539  1815
4540  3325
4541  26489
4542  784
4543  14247
4544  8151
4545  24254
4546  859
4547  20000
4548  18634
4549  18180
4550  21660
4551  14984
4552  11836
4553  1947
4554  17581
4555  21525
4556  31382
4557  15506
4558  4784
4559  21280
4560  8981
4561  21932
4562  14136
4563  8253
4564  32817
4565  21055
4566  30590
4567  5316
4568  5648
4569  29704
4570  14609
4571  23272
4572  20014
4573  5995
4574  13546
4575  4201
4576  24812
4577  5501
4578  24955
4579  13863
4580  19883
4581  27124
4582  21052
4583  4972
4584  21087
4585  4780
4586  15371
4587  1051
4588  16434
4589  11678
4590  13252
4591  12926
4592  13347
4593  13760
4594  8087
4595  11647
4596  17873
4597  8659
4598  12408
4599  9906
4600  1125
4601  6063
4602  1855
4603  14887
4604  15608
4605  4345
4606  5416
4607  24235
4608  5082
4609  11727
4610  437
4611  3334
4612  13862
4613  718
4614  22977
4615  27840
4616  31337
4617  8157
4618  15755
4619  26311
4620  27684
4621  24937
4622  23578
4623  12509
4624  29636
4625  24962
4626  5442
4627  8303
4628  7096
4629  2398
4630  17151
4631  16444
4632  1552
4633  411
4634  3413
4635  30156
4636  20174
4637  2190
4638  10103
4639  22428
4640  27657
4641  4970
4642  20921
4643  937
4644  35192
4645  689
4646  22330
4647  68
4648  160
4649  5551
4650  2105
4651  30029
4652  7727
4653  11449
4654  3299
4655  5568
4656  12505
4657  10576
4658  10607
4659  24068
4660  8953
4661  24849
4662  27491
4663  3499
4664  4154
4665  17826
4666  32129
4667  11452
4668  24301
4669  15576
4670  27476
4671  14599
4672  5582
4673  26306
4674  13908
4675  4464
4676  23906
4677  4265
4678  11373
4679  7104
4680  29313
4681  1589
4682  28193
4683  25656
4684  21299
4685  429
4686  6101
4687  7080
4688  24864
4689  27285
4690  13086
4691  10047
4692  447
4693  21309
4694  16579
4695  13202
4696  11689
4697  13235
4698  1040
4699  13540
4700  289
4701  22440
4702  11959
4703  26905
4704  4338
4705  1129
4706  6320
4707  10909
4708  13466
4709  27269
4710  29068
4711  15071
4712  7406
4713  21372
4714  3429
4715  3414
4716  31090
4717  4020
4718  89
4719  25019
4720  29916
4721  8476
4722  11952
4723  26093
4724  25613
4725  11236
4726  26369
4727  35177
4728  21318
4729  7140
4730  18773
4731  26941
4732  1482
4733  24944
4734  983
4735  26667
4736  1086
4737  19163
4738  4785
4739  4588
4740  9495
4741  11856
4742  17609
4743  1276
4744  29374
4745  14590
4746  4920
4747  19398
4748  27464
4749  31246
4750  18556
4751  5629
4752  29089
4753  15885
4754  21819
4755  5871
4756  11912
4757  32552
4758  10768
4759  629
4760  6068
4761  10120
4762  8898
4763  16422
4764  10802
4765  10852
4766  5386
4767  7141
4768  1496
4769  5037
4770  12407
4771  4483
4772  16438
4773  31216
4774  31219
4775  11825
4776  21410
4777  14152
4778  1401
4779  26601
4780  13912
4781  6059
4782  2280
4783  1299
4784  27134
4785  24233
4786  4864
4787  14048
4788  22060
4789  4597
4790  26039
4791  5555
4792  27636
4793  21479
4794  29489
4795  4941
4796  22680
4797  28269
4798  13299
4799  27983
4800  22408
4801  1386
4802  19691
4803  14919
4804  25851
4805  32986
4806  11276
4807  21455
4808  26145
4809  18011
4810  18580
4811  1594
4812  2399
4813  20559
4814  8573
4815  1243
4816  22819
4817  27133
4818  7696
4819  1963
4820  26704
4821  21611
4822  13921
4823  15519
4824  4598
4825  14179
4826  763
4827  8393
4828  11882
4829  7194
4830  693
4831  25181
4832  21037
4833  12369
4834  21157
4835  24706
4836  3947
4837  21021
4838  13372
4839  777
4840  10808
4841  3323
4842  4978
4843  6411
4844  25317
4845  22396
4846  9735
4847  4798
4848  26071
4849  10107
4850  17760
4851  27136
4852  22442
4853  8556
4854  9106
4855  16928
4856  243
4857  21582
4858  12319
4859  31251
4860  29052
4861  14232
4862  15722
4863  31518
4864  15669
4865  22533
4866  11302
4867  590
4868  5063
4869  31605
4870  6036
4871  18942
4872  21460
4873  16892
4874  18240
4875  11658
4876  8936
4877  21030
4878  20194
4879  27045
4880  11845
4881  13940
4882  18553
4883  28592
4884  4134
4885  10928
4886  7512
4887  934
4888  275
4889  29576
4890  15808
4891  8429
4892  12196
4893  27128
4894  7211
4895  10342
4896  19425
4897  21619
4898  12035
4899  9991
4900  21573
4901  27390
4902  24388
4903  5459
4904  2279
4905  13675
4906  21705
4907  32962
4908  22412
4909  15254
4910  23591
4911  24165
4912  19941
4913  4702
4914  12137
4915  31898
4916  21631
4917  22488
4918  1262
4919  662
4920  28667
4921  4533
4922  28622
4923  31771
4924  27153
4925  12157
4926  5902
4927  15752
4928  19334
4929  8702
4930  4572
4931  32786
4932  24737
4933  15070
4934  25979
4935  30006
4936  7445
4937  21511
4938  7412
4939  21595
4940  32527
4941  16072
4942  10950
4943  25133
4944  15369
4945  18280
4946  22434
4947  24273
4948  3456
4949  10962
4950  16058
4951  30387
4952  26430
4953  24596
4954  24314
4955  19331
4956  7433
4957  21304
4958  11971
4959  3598
4960  4632
4961  17434
4962  5768
4963  4016
4964  12271
4965  8698
4966  2323
4967  5659
4968  3428
4969  8840
4970  12308
4971  22319
4972  23402
4973  19066
4974  13097
4975  29783
4976  29925
4977  20229
4978  673
4979  13697
4980  25030
4981  17751
4982  19021
4983  19060
4984  5289
4985  24271
4986  17943
4987  8181
4988  21327
4989  9091
4990  25853
4991  13332
4992  24227
4993  14612
4994  18623
4995  20901
4996  15765
4997  24898
4998  25557
4999  25288
5000  24942
5001  9012
5002  24591
5003  24312
5004  358
5005  1959
5006  233
5007  13139
5008  2020
5009  4310
5010  24984
5011  16657
5012  3451
5013  7740
5014  28113
5015  11146
5016  12994
5017  9901
5018  30939
5019  27660
5020  22482
5021  10196
5022  4300
5023  28018
5024  12405
5025  16060
5026  24593
5027  22854
5028  21294
5029  28222
5030  893
5031  21762
5032  24872
5033  5769
5034  14703
5035  21521
5036  4855
5037  13777
5038  27641
5039  19731
5040  24911
5041  25798
5042  25934
5043  7124
5044  4821
5045  7227
5046  30368
5047  1563
5048  1816
5049  17457
5050  14907
5051  17401
5052  26983
5053  10869
5054  4801
5055  8674
5056  10543
5057  30810
5058  1768
5059  22216
5060  11910
5061  8701
5062  6151
5063  11224
5064  7354
5065  17692
5066  8466
5067  31443
5068  26886
5069  8137
5070  12511
5071  5530
5072  5153
5073  5076
5074  24361
5075  7311
5076  14082
5077  6150
5078  20644
5079  24210
5080  540
5081  17711
5082  21114
5083  30993
5084  8451
5085  10229
5086  7220
5087  25796
5088  10108
5089  1296
5090  8010
5091  17864
5092  11256
5093  23090
5094  17365
5095  4634
5096  24974
5097  27973
5098  21129
5099  23597
5100  18813
5101  13104
5102  14487
5103  26122
5104  10083
5105  14798
5106  12707
5107  16195
5108  14492
5109  22729
5110  20357
5111  6588
5112  15797
5113  5032
5114  6608
5115  13520
5116  16862
5117  5415
5118  3581
5119  2131
5120  8158
5121  7896
5122  26772
5123  17954
5124  32540
5125  5175
5126  14175
5127  24276
5128  11744
5129  8842
5130  8720
5131  6107
5132  1275
5133  9446
5134  20402
5135  17345
5136  10236
5137  7693
5138  1278
5139  24698
5140  19206
5141  4963
5142  12416
5143  33306
5144  17214
5145  18584
5146  8212
5147  4986
5148  21130
5149  15024
5150  18409
5151  13704
5152  10613
5153  24732
5154  17531
5155  23070
5156  33238
5157  10427
5158  28529
5159  32339
5160  28503
5161  18831
5162  28162
5163  5593
5164  12294
5165  31197
5166  32970
5167  1882
5168  20330
5169  1345
5170  21100
5171  22113
5172  1492
5173  8127
5174  14507
5175  24954
5176  29005
5177  2148
5178  13992
5179  13349
5180  1030
5181  1863
5182  8067
5183  10915
5184  14576
5185  20870
5186  21178
5187  8274
5188  5603
5189  18628
5190  22970
5191  2036
5192  6408
5193  10791
5194  26224
5195  16441
5196  16730
5197  21622
5198  13078
5199  15459
5200  15557
5201  31690
5202  23308
5203  4205
5204  13723
5205  9841
5206  11255
5207  23790
5208  17688
5209  25146
5210  21716
5211  7877
5212  1242
5213  23665
5214  9747
5215  8236
5216  28138
5217  11522
5218  4178
5219  10420
5220  31557
5221  13785
5222  26107
5223  680
5224  26352
5225  26011
5226  19241
5227  19517
5228  33188
5229  7891
5230  17748
5231  8895
5232  7157
5233  25985
5234  17190
5235  18271
5236  28602
5237  5391
5238  8227
5239  2114
5240  25980
5241  10774
5242  14314
5243  1476
5244  20071
5245  10775
5246  18879
5247  5116
5248  25518
5249  30499
5250  24976
5251  1666
5252  19751
5253  2132
5254  16819
5255  25223
5256  655
5257  32639
5258  9859
5259  25422
5260  6244
5261  1828
5262  5573
5263  13151
5264  1839
5265  14622
5266  27531
5267  23596
5268  20215
5269  1620
5270  5031
5271  1178
5272  1955
5273  6262
5274  16517
5275  1973
5276  10686
5277  1462
5278  10785
5279  26289
5280  17240
5281  22534
5282  7927
5283  20878
5284  18165
5285  1550
5286  6003
5287  12171
5288  21593
5289  35062
5290  5172
5291  17422
5292  6142
5293  962
5294  25943
5295  33193
5296  18521
5297  6539
5298  19857
5299  21473
5300  23743
5301  16820
5302  8259
5303  16065
5304  18471
5305  14470
5306  27287
5307  1314
5308  17805
5309  18736
5310  16373
5311  862
5312  28196
5313  12099
5314  11956
5315  17857
5316  4721
5317  24421
5318  23460
5319  22964
5320  12409
5321  11001
5322  26703
5323  19235
5324  1332
5325  5595
5326  18518
5327  49
5328  22168
5329  24287
5330  23880
5331  14413
5332  24279
5333  17512
5334  24208
5335  13434
5336  1171
5337  21867
5338  24201
5339  1703
5340  30850
5341  33066
5342  11208
5343  7998
5344  1784
5345  24309
5346  4172
5347  8105
5348  22194
5349  21903
5350  5383
5351  8012
5352  11716
5353  2349
5354  13919
5355  24671
5356  11753
5357  21214
5358  6282
5359  35232
5360  23158
5361  17897
5362  6288
5363  6024
5364  14234
5365  26051
5366  29804
5367  25213
5368  14903
5369  11238
5370  20213
5371  26278
5372  22852
5373  4957
5374  25820
5375  27646
5376  29832
5377  16142
5378  13239
5379  10605
5380  10046
5381  1112
5382  3321
5383  27350
5384  8911
5385  12373
5386  21254
5387  13173
5388  23494
5389  13216
5390  11755
5391  12017
5392  18425
5393  1431
5394  7272
5395  10063
5396  21420
5397  13432
5398  1852
5399  7013
5400  22073
5401  8713
5402  4980
5403  8824
5404  27074
5405  16866
5406  25466
5407  10892
5408  14058
5409  24220
5410  17333
5411  13523
5412  8427
5413  3300
5414  5578
5415  18215
5416  7011
5417  9674
5418  12295
5419  13610
5420  21710
5421  26392
5422  5496
5423  31399
5424  10853
5425  14009
5426  16181
5427  361
5428  35102
5429  30370
5430  111
5431  250
5432  4252
5433  17564
5434  11906
5435  5155
5436  6484
5437  4968
5438  27908
5439  944
5440  35121
5441  21333
5442  27904
5443  17124
5444  26678
5445  23288
5446  18449
5447  402
5448  24547
5449  28026
5450  19604
5451  23433
5452  26879
5453  11766
5454  18269
5455  9573
5456  11864
5457  18954
5458  10841
5459  25379
5460  24224
5461  27068
5462  3448
5463  41
5464  1009
5465  21887
5466  29492
5467  16683
5468  24033
5469  4879
5470  24459
5471  18612
5472  12064
5473  5506
5474  8173
5475  24318
5476  18897
5477  10503
5478  24994
5479  889
5480  1957
5481  30068
5482  24650
5483  14360
5484  7761
5485  12066
5486  21886
5487  24929
5488  21838
5489  30028
5490  4635
5491  5553
5492  27327
5493  16967
5494  11
5495  14788
5496  4515
5497  16651
5498  8642
5499  22174
5500  21268
5501  27737
5502  24512
5503  27917
5504  16635
5505  21139
5506  2294
5507  24818
5508  21307
5509  1631
5510  21027
5511  28744
5512  16350
5513  13524
5514  4366
5515  7757
5516  2018
5517  30926
5518  26573
5519  9022
5520  7857
5521  15200
5522  3550
5523  15282
5524  8118
5525  10953
5526  21274
5527  6183
5528  17500
5529  430
5530  24590
5531  18550
5532  16605
5533  19292
5534  7282
5535  26297
5536  8321
5537  29997
5538  26230
5539  26581
5540  959
5541  7934
5542  4356
5543  18415
5544  26767
5545  23028
5546  8140
5547  17758
5548  21742
5549  11858
5550  14385
5551  5417
5552  7138
5553  22804
5554  7540
5555  26044
5556  4521
5557  6264
5558  15344
5559  5682
5560  17545
5561  5970
5562  4508
5563  3472
5564  27873
5565  8980
5566  12261
5567  10876
5568  24862
5569  8562
5570  15896
5571  12962
5572  10593
5573  670
5574  24175
5575  26664
5576  13012
5577  5276
5578  21812
5579  14515
5580  13206
5581  6014
5582  14199
5583  6259
5584  9488
5585  5227
5586  13774
5587  5050
5588  20737
5589  6331
5590  17803
5591  17689
5592  20617
5593  18554
5594  27140
5595  6362
5596  8706
5597  14864
5598  18631
5599  19759
5600  8170
5601  24685
5602  4971
5603  5133
5604  2025
5605  3573
5606  1133
5607  12520
5608  5094
5609  2194
5610  10371
5611  3555
5612  1270
5613  4982
5614  14056
5615  1081
5616  10589
5617  677
5618  516
5619  18168
5620  15478
5621  16816
5622  7773
5623  7992
5624  6280
5625  25958
5626  4975
5627  21164
5628  1360
5629  4948
5630  7524
5631  1319
5632  21374
5633  8378
5634  4136
5635  9706
5636  32695
5637  5315
5638  2224
5639  25354
5640  22529
5641  4241
5642  28903
5643  1136
5644  1826
5645  1109
5646  20293
5647  10316
5648  21492
5649  1823
5650  24551
5651  7364
5652  32881
5653  14663
5654  8381
5655  7204
5656  1794
5657  23569
5658  32739
5659  24882
5660  767
5661  13209
5662  5851
5663  2378
5664  1020
5665  13213
5666  8014
5667  25850
5668  823
5669  20216
5670  12951
5671  16207
5672  18944
5673  16832
5674  17906
5675  5494
5676  12348
5677  15454
5678  10776
5679  28855
5680  4336
5681  13614
5682  26454
5683  10009
5684  1055
5685  10684
5686  22862
5687  22337
5688  12328
5689  13735
5690  27246
5691  18155
5692  6548
5693  11107
5694  5283
5695  1272
5696  8639
5697  10460
5698  9334
5699  25603
5700  1899
5701  22530
5702  20179
5703  26103
5704  24192
5705  7609
5706  9202
5707  17914
5708  18771
5709  3562
5710  16344
5711  29996
5712  32420
5713  24164
5714  1537
5715  26735
5716  7439
5717  1678
5718  4984
5719  18618
5720  6501
5721  29520
5722  15063
5723  5411
5724  4913
5725  10271
5726  17499
5727  648
5728  8297
5729  1844
5730  6058
5731  19380
5732  7634
5733  13038
5734  20513
5735  6487
5736  10021
5737  19324
5738  13002
5739  897
5740  6185
5741  10512
5742  7955
5743  9361
5744  13554
5745  23497
5746  14646
5747  9937
5748  24875
5749  28871
5750  2032
5751  23527
5752  10894
5753  26433
5754  20150
5755  23633
5756  12135
5757  17495
5758  28226
5759  13512
5760  23495
5761  5532
5762  25467
5763  30362
5764  11433
5765  11907
5766  1713
5767  13837
5768  7481
5769  6304
5770  5192
5771  18476
5772  17497
5773  19183
5774  25701
5775  19805
5776  10228
5777  14145
5778  9993
5779  11006
5780  1774
5781  613
5782  11998
5783  1019
5784  871
5785  5900
5786  26777
5787  26779
5788  22018
5789  7523
5790  5174
5791  5770
5792  7009
5793  4628
5794  20719
5795  5339
5796  23048
5797  21015
5798  4959
5799  9051
5800  13580
5801  4179
5802  1789
5803  28130
5804  10615
5805  21326
5806  15446
5807  9021
5808  13836
5809  7732
5810  15709
5811  32815
5812  10854
5813  24640
5814  24332
5815  1449
5816  10259
5817  17407
5818  14890
5819  21432
5820  22139
5821  26382
5822  15140
5823  6043
5824  21871
5825  14832
5826  25381
5827  2053
5828  12265
5829  25375
5830  12266
5831  14097
5832  6138
5833  12323
5834  14301
5835  21869
5836  5567
5837  32705
5838  26602
5839  25338
5840  605
5841  23107
5842  29464
5843  8844
5844  10796
5845  10457
5846  6438
5847  7366
5848  25140
5849  30136
5850  18221
5851  17925
5852  10712
5853  17923
5854  17926
5855  18905
5856  20193
5857  1046
5858  27497
5859  19586
5860  12492
5861  26339
5862  9717
5863  8973
5864  179
5865  24169
5866  24074
5867  1833
5868  11830
5869  12339
5870  24412
5871  827
5872  9355
5873  23989
5874  10393
5875  1489
5876  8998
5877  24335
5878  23574
5879  8908
5880  5234
5881  17216
5882  5407
5883  25765
5884  6141
5885  33291
5886  3395
5887  24327
5888  4610
5889  1595
5890  23159
5891  675
5892  1859
5893  28994
5894  8096
5895  17570
5896  7561
5897  16433
5898  4866
5899  4729
5900  7938
5901  4875
5902  5789
5903  9513
5904  19352
5905  13152
5906  1191
5907  30806
5908  17337
5909  16406
5910  8590
5911  2019
5912  31230
5913  23856
5914  18386
5915  2073
5916  24540
5917  4129
5918  13612
5919  29413
5920  9074
5921  26025
5922  10367
5923  31694
5924  18454
5925  560
5926  26371
5927  21401
5928  21315
5929  1029
5930  26608
5931  14456
5932  4199
5933  19591
5934  24679
5935  26566
5936  8078
5937  5867
5938  7522
5939  10594
5940  19064
5941  26999
5942  12974
5943  6197
5944  30168
5945  4536
5946  5024
5947  15961
5948  5135
5949  29298
5950  24689
5951  28010
5952  32629
5953  29721
5954  12684
5955  28889
5956  8505
5957  26190
5958  5681
5959  33262
5960  20052
5961  21128
5962  22437
5963  17792
5964  19281
5965  22574
5966  25472
5967  5324
5968  10245
5969  11448
5970  18587
5971  12164
5972  8945
5973  13381
5974  1874
5975  5628
5976  4537
5977  32980
5978  825
5979  10870
5980  8925
5981  25703
5982  1836
5983  5874
5984  14521
5985  20995
5986  19010
5987  5842
5988  23324
5989  15822
5990  4760
5991  5788
5992  1390
5993  8528
5994  11104
5995  13074
5996  19151
5997  24428
5998  27736
5999  28997
6000  23704
6001  30321
6002  6310
6003  7763
6004  7911
6005  14970
6006  1498
6007  29084
6008  5317
6009  6049
6010  24226
6011  1131
6012  11136
6013  27334
6014  6254
6015  12300
6016  26939
6017  17347
6018  10375
6019  26670
6020  29075
6021  12361
6022  14809
6023  10840
6024  354
6025  5392
6026  8883
6027  13134
6028  19212
6029  1106
6030  21892
6031  21161
6032  14568
6033  4645
6034  8730
6035  19286
6036  29499
6037  8128
6038  24319
6039  16355
6040  18566
6041  26048
6042  2374
6043  22476
6044  5765
6045  6600
6046  18487
6047  1579
6048  5036
6049  12462
6050  14162
6051  8582
6052  18291
6053  22303
6054  16600
6055  21121
6056  22117
6057  35106
6058  10517
6059  16682
6060  5474
6061  487
6062  31695
6063  26759
6064  7373
6065  19032
6066  11576
6067  10835
6068  2298
6069  19277
6070  30151
6071  9254
6072  24908
6073  26568
6074  24969
6075  29073
6076  31303
6077  26486
6078  14777
6079  8172
6080  33128
6081  12282
6082  29527
6083  1402
6084  14630
6085  13563
6086  1586
6087  659
6088  6590
6089  10226
6090  22274
6091  25499
6092  4504
6093  28911
6094  10914
6095  8916
6096  20508
6097  5601
6098  17533
6099  17582
6100  13338
6101  21170
6102  12298
6103  12331
6104  26567
6105  4018
6106  11173
6107  7334
6108  3441
6109  17814
6110  16279
6111  35026
6112  24038
6113  5318
6114  2000
6115  8403
6116  6158
6117  15973
6118  19312
6119  25595
6120  8543
6121  21524
6122  7342
6123  3640
6124  13531
6125  25667
6126  6184
6127  1351
6128  32871
6129  5320
6130  1710
6131  26572
6132  12936
6133  28870
6134  17382
6135  28224
6136  4926
6137  23330
6138  10022
6139  17508
6140  27024
6141  9338
6142  2015
6143  8638
6144  24869
6145  23010
6146  2199
6147  5346
6148  29981
6149  20
6150  32114
6151  12814
6152  15423
6153  13395
6154  9501
6155  9847
6156  21377
6157  9063
6158  6448
6159  23787
6160  25750
6161  1575
6162  2204
6163  7578
6164  23275
6165  7442
6166  11837
6167  7624
6168  10867
6169  9346
6170  10866
6171  15708
6172  24546
6173  12260
6174  9304
6175  10074
6176  5749
6177  5196
6178  24221
6179  1858
6180  13864
6181  4028
6182  11366
6183  21796
6184  17405
6185  13799
6186  29567
6187  2395
6188  22681
6189  16619
6190  13111
6191  8250
6192  6135
6193  21159
6194  12965
6195  9362
6196  6080
6197  35173
6198  26726
6199  8218
6200  31249
6201  22338
6202  23411
6203  1667
6204  1625
6205  22956
6206  11621
6207  7715
6208  3636
6209  21337
6210  17774
6211  20288
6212  28120
6213  15712
6214  11058
6215  27713
6216  9283
6217  977
6218  9646
6219  18806
6220  7125
6221  1574
6222  3512
6223  8298
6224  35050
6225  22202
6226  26370
6227  16417
6228  3285
6229  7703
6230  28544
6231  11475
6232  29990
6233  4525
6234  4758
6235  27181
6236  7856
6237  4682
6238  19823
6239  28407
6240  4816
6241  19372
6242  7658
6243  19952
6244  9974
6245  14461
6246  14166
6247  15452
6248  5828
6249  7706
6250  482
6251  13037
6252  16165
6253  8656
6254  4886
6255  27213
6256  13008
6257  13200
6258  18344
6259  531
6260  21832
6261  11410
6262  23414
6263  26282
6264  19077
6265  29367
6266  10519
6267  19917
6268  4584
6269  13076
6270  594
6271  16588
6272  19783
6273  270
6274  28953
6275  1753
6276  1898
6277  8594
6278  25269
6279  22145
6280  7496
6281  1796
6282  9725
6283  153
6284  13526
6285  18559
6286  5780
6287  28702
6288  5329
6289  25086
6290  20740
6291  1396
6292  13024
6293  16577
6294  23111
6295  10682
6296  7701
6297  19270
6298  17469
6299  5534
6300  2274
6301  1990
6302  10136
6303  18021
6304  11011
6305  14105
6306  21491
6307  6171
6308  18597
6309  679
6310  22487
6311  24199
6312  6170
6313  10012
6314  23340
6315  2158
6316  13288
6317  12356
6318  14854
6319  10518
6320  32443
6321  13761
6322  3523
6323  28896
6324  28502
6325  26326
6326  18046
6327  30005
6328  25711
6329  62
6330  11051
6331  10879
6332  4491
6333  19940
6334  26781
6335  30487
6336  7802
6337  9630
6338  17376
6339  19719
6340  17972
6341  1433
6342  17825
6343  32870
6344  3608
6345  4481
6346  20700
6347  22286
6348  1460
6349  14252
6350  7960
6351  1984
6352  4802
6353  15702
6354  1685
6355  15577
6356  33098
6357  8616
6358  29574
6359  21300
6360  9743
6361  74
6362  12036
6363  25117
6364  17438
6365  9307
6366  21481
6367  21236
6368  25590
6369  21331
6370  15389
6371  6366
6372  1147
6373  20212
6374  12052
6375  15861
6376  24178
6377  5859
6378  1788
6379  656
6380  35238
6381  3371
6382  5499
6383  5414
6384  16659
6385  30643
6386  21925
6387  18157
6388  26626
6389  16611
6390  22109
6391  10558
6392  24496
6393  30138
6394  13732
6395  22180
6396  24896
6397  6489
6398  14147
6399  32875
6400  5953
6401  21774
6402  4489
6403  7
6404  4307
6405  1557
6406  22870
6407  5911
6408  3520
6409  7975
6410  5651
6411  5839
6412  12305
6413  8267
6414  4743
6415  17995
6416  15472
6417  346
6418  7796
6419  9117
6420  25912
6421  17646
6422  32734
6423  164
6424  10155
6425  8866
6426  8216
6427  17550
6428  12022
6429  8232
6430  23526
6431  12302
6432  17644
6433  1915
6434  10926
6435  25441
6436  12594
6437  29924
6438  16063
6439  1499
6440  328
6441  342
6442  5111
6443  23576
6444  7692
6445  5686
6446  17820
6447  15781
6448  25826
6449  29479
6450  14647
6451  29247
6452  9237
6453  2195
6454  21540
6455  13197
6456  11603
6457  9777
6458  7217
6459  1755
6460  14319
6461  9264
6462  486
6463  5526
6464  14965
6465  20920
6466  18196
6467  9080
6468  13131
6469  12080
6470  30763
6471  27487
6472  5293
6473  15655
6474  26460
6475  9040
6476  92
6477  87
6478  5245
6479  27389
6480  19378
6481  31274
6482  31323
6483  24443
6484  1252
6485  24110
6486  24476
6487  9339
6488  24753
6489  1657
6490  13102
6491  21480
6492  24091
6493  26699
6494  401
6495  7728
6496  7235
6497  10522
6498  24680
6499  1139
6500  7556
6501  13145
6502  23223
6503  27957
6504  18389
6505  19915
6506  25328
6507  1613
6508  5176
6509  1964
6510  21526
6511  23446
6512  3570
6513  24317
6514  9285
6515  7500
6516  9538
6517  2356
6518  5586
6519  7247
6520  6034
6521  8704
6522  11068
6523  1500
6524  8995
6525  17642
6526  11683
6527  9861
6528  20770
6529  5913
6530  5256
6531  13360
6532  20259
6533  1088
6534  2167
6535  12146
6536  7301
6537  26769
6538  5998
6539  11109
6540  4434
6541  14963
6542  4915
6543  29566
6544  5068
6545  27180
6546  10664
6547  5286
6548  527
6549  5959
6550  18230
6551  21790
6552  5113
6553  5431
6554  21079
6555  1654
6556  12350
6557  31272
6558  18888
6559  4937
6560  10217
6561  7273
6562  3685
6563  20590
6564  647
6565  3486
6566  25312
6567  24881
6568  10037
6569  1357
6570  21767
6571  10893
6572  17232
6573  25221
6574  23570
6575  15714
6576  4692
6577  21567
6578  26413
6579  30461
6580  8126
6581  7179
6582  23563
6583  21182
6584  23250
6585  30579
6586  23677
6587  21273
6588  17866
6589  24034
6590  3364
6591  17492
6592  21875
6593  29254
6594  26217
6595  18243
6596  658
6597  21301
6598  2369
6599  13225
6600  1522
6601  21054
6602  21296
6603  11901
6604  3632
6605  4661
6606  9018
6607  13205
6608  24923
6609  12334
6610  24055
6611  27725
6612  12326
6613  12021
6614  20906
6615  13083
6616  4488
6617  24832
6618  8767
6619  6546
6620  28144
6621  8234
6622  7167
6623  24399
6624  20056
6625  3560
6626  1795
6627  8169
6628  7754
6629  24610
6630  16973
6631  23748
6632  3415
6633  12375
6634  13819
6635  25319
6636  32593
6637  4943
6638  13310
6639  442
6640  4727
6641  16388
6642  23046
6643  20137
6644  19511
6645  4878
6646  7070
6647  8559
6648  22519
6649  13317
6650  24920
6651  24468
6652  8875
6653  22431
6654  8680
6655  13594
6656  14673
6657  32499
6658  17479
6659  13904
6660  24845
6661  33235
6662  11004
6663  7760
6664  25210
6665  31937
6666  19271
6667  21068
6668  8614
6669  17983
6670  9341
6671  21836
6672  19931
6673  30163
6674  15612
6675  31727
6676  8392
6677  13386
6678  15964
6679  1391
6680  13110
6681  8972
6682  21589
6683  6065
6684  7281
6685  7789
6686  669
6687  1618
6688  16164
6689  29573
6690  8563
6691  761
6692  15458
6693  14293
6694  14272
6695  17911
6696  15475
6697  13149
6698  1004
6699  26233
6700  4885
6701  26677
6702  14242
6703  4564
6704  27178
6705  15370
6706  15127
6707  12069
6708  7731
6709  7201
6710  3596
6711  581
6712  28430
6713  10611
6714  10583
6715  17638
6716  9000
6717  8764
6718  6423
6719  21412
6720  14692
6721  8974
6722  7690
6723  8696
6724  10883
6725  1969
6726  398
6727  29595
6728  16283
6729  5860
6730  3594
6731  16679
6732  7571
6733  1773
6734  30046
6735  16621
6736  11338
6737  31840
6738  8813
6739  9288
6740  1260
6741  25903
6742  22331
6743  25461
6744  17703
6745  65
6746  13308
6747  33242
6748  4415
6749  26376
6750  5909
6751  4999
6752  24518
6753  1835
6754  11524
6755  26621
6756  20933
6757  1177
6758  1706
6759  24501
6760  18166
6761  32898
6762  7705
6763  15970
6764  21179
6765  23335
6766  91
6767  24325
6768  29387
6769  33088
6770  26810
6771  13262
6772  15996
6773  687
6774  24219
6775  2091
6776  8109
6777  25843
6778  22618
6779  24970
6780  24328
6781  13684
6782  10541
6783  3406
6784  6322
6785  26026
6786  21352
6787  13184
6788  6130
6789  1092
6790  22713
6791  13259
6792  12088
6793  1536
6794  16955
6795  7707
6796  29917
6797  21245
6798  13238
6799  3308
6800  25989
6801  30070
6802  27206
6803  20006
6804  30602
6805  24133
6806  26655
6807  12473
6808  5756
6809  4151
6810  22573
6811  5118
6812  4547
6813  966
6814  21485
6815  5490
6816  30142
6817  6128
6818  28093
6819  9645
6820  5848
6821  4397
6822  22413
6823  16392
6824  30218
6825  10905
6826  4809
6827  24857
6828  18574
6829  3442
6830  28695
6831  11220
6832  24234
6833  4936
6834  33233
6835  26047
6836  7076
6837  29123
6838  22572
6839  1756
6840  12508
6841  13041
6842  883
6843  17614
6844  6593
6845  22550
6846  13199
6847  20218
6848  8568
6849  17607
6850  8589
6851  13926
6852  26788
6853  27392
6854  1648
6855  4829
6856  6527
6857  17394
6858  18606
6859  5242
6860  21342
6861  18161
6862  19707
6863  6200
6864  5631
6865  50
6866  2142
6867  8663
6868  14865
6869  13283
6870  32184
6871  13652
6872  2246
6873  20638
6874  1452
6875  27384
6876  12897
6877  3282
6878  3522
6879  1607
6880  28216
6881  26315
6882  10815
6883  12296
6884  20389
6885  24916
6886  30792
6887  9724
6888  24188
6889  9657
6890  4837
6891  35236
6892  7694
6893  16357
6894  21560
6895  5281
6896  7682
6897  14877
6898  17441
6899  21562
6900  12483
6901  2359
6902  24096
6903  25371
6904  7937
6905  26444
6906  24077
6907  241
6908  4639
6909  29746
6910  20281
6911  24021
6912  8956
6913  3504
6914  10846
6915  1941
6916  1437
6917  11870
6918  21091
6919  344
6920  277
6921  1808
6922  11450
6923  1273
6924  24212
6925  1280
6926  27597
6927  8613
6928  22334
6929  33062
6930  4425
6931  7743
6932  14154
6933  13013
6934  2355
6935  25178
6936  25024
6937  21851
6938  10967
6939  765
6940  13084
6941  25255
6942  957
6943  13981
6944  1767
6945  1690
6946  8967
6947  15581
6948  4783
6949  9955
6950  33182
6951  23226
6952  8082
6953  7691
6954  13064
6955  13217
6956  21288
6957  17676
6958  19009
6959  4215
6960  25648
6961  23773
6962  1490
6963  24774
6964  8423
6965  16280
6966  24304
6967  5844
6968  9328
6969  18001
6970  5185
6971  5053
6972  1153
6973  762
6974  18820
6975  17447
6976  21417
6977  27199
6978  8334
6979  10829
6980  13073
6981  4938
6982  13214
6983  9122
6984  15467
6985  19623
6986  21257
6987  13527
6988  15672
6989  1265
6990  6199
6991  22199
6992  5381
6993  5085
6994  3431
6995  13077
6996  5088
6997  18939
6998  10556
6999  22411
7000  17491
7001  24656
7002  10884
7003  27686
7004  6010
7005  27712
7006  5575
7007  3500
7008  5300
7009  25390
7010  9860
7011  23229
7012  2241
7013  5351
7014  10380
7015  5838
7016  517
7017  21163
7018  9418
7019  9761
7020  10640
7021  13611
7022  11819
7023  24803
7024  12307
7025  4912
7026  19031
7027  7532
7028  30056
7029  13847
7030  13444
7031  7592
7032  1764
7033  9496
7034  13498
7035  5813
7036  24431
7037  32611
7038  4799
7039  14531
7040  626
7041  2034
7042  25800
7043  17328
7044  17734
7045  22377
7046  1793
7047  25197
7048  20821
7049  28142
7050  27635
7051  10929
7052  28931
7053  4756
7054  14570
7055  2033
7056  789
7057  31962
7058  9779
7059  18795
7060  26372
7061  19003
7062  10805
7063  1958
7064  16586
7065  24087
7066  20539
7067  14681
7068  18286
7069  30762
7070  6513
7071  9516
7072  23515
7073  12971
7074  22385
7075  29764
7076  31609
7077  10595
7078  7858
7079  2122
7080  5298
7081  25289
7082  15337
7083  7942
7084  82
7085  33209
7086  11171
7087  1604
7088  27391
7089  31999
7090  25308
7091  12966
7092  7649
7093  22379
7094  1825
7095  32558
7096  25829
7097  24288
7098  11746
7099  24705
7100  7805
7101  18202
7102  1809
7103  19447
7104  29597
7105  24846
7106  17164
7107  26442
7108  7259
7109  24548
7110  25184
7111  7331
7112  15468
7113  7372
7114  18922
7115  5678
7116  33071
7117  17544
7118  7889
7119  5630
7120  21233
7121  19275
7122  29383
7123  17230
7124  624
7125  8783
7126  614
7127  23170
7128  31181
7129  18542
7130  24834
7131  24897
7132  24906
7133  1234
7134  11977
7135  2127
7136  24867
7137  24730
7138  11083
7139  7252
7140  3477
7141  4599
7142  24073
7143  5469
7144  628
7145  25287
7146  1294
7147  31665
7148  77
7149  27387
7150  26210
7151  612
7152  21098
7153  72
7154  1616
7155  2329
7156  20623
7157  18164
7158  24139
7159  13192
7160  25391
7161  13753
7162  5460
7163  10956
7164  26472
7165  25752
7166  32645
7167  30323
7168  4579
7169  11403
7170  28559
7171  7695
7172  21365
7173  25551
7174  4697
7175  26737
7176  7494
7177  29516
7178  13938
7179  2312
7180  23149
7181  22335
7182  4573
7183  1209
7184  23439
7185  9062
7186  22780
7187  13806
7188  7972
7189  1841
7190  32209
7191  13636
7192  8699
7193  13354
7194  5585
7195  8125
7196  17443
7197  20364
7198  29531
7199  33194
7200  21105
7201  11877
7202  5311
7203  15520
7204  19643
7205  8599
7206  6189
7207  21246
7208  17568
7209  21376
7210  27302
7211  32818
7212  19362
7213  9429
7214  6534
7215  8721
7216  17249
7217  8163
7218  1656
7219  19470
7220  12648
7221  3356
7222  13683
7223  22532
7224  12153
7225  9382
7226  27036
7227  1742
7228  10459
7229  32953
7230  8323
7231  35139
7232  13543
7233  6172
7234  6225
7235  21820
7236  24076
7237  1450
7238  35110
7239  11854
7240  17931
7241  4882
7242  13138
7243  26576
7244  26373
7245  16885
7246  25936
7247  2054
7248  7925
7249  24927
7250  1668
7251  23639
7252  1002
7253  24943
7254  19413
7255  5999
7256  19979
7257  17535
7258  5579
7259  10041
7260  5363
7261  7629
7262  21893
7263  7294
7264  15556
7265  25500
7266  26291
7267  17419
7268  11477
7269  18474
7270  1240
7271  2197
7272  17225
7273  18588
7274  14945
7275  420
7276  4145
7277  6354
7278  1926
7279  21873
7280  31744
7281  28758
7282  7941
7283  23995
7284  16527
7285  24996
7286  6395
7287  1584
7288  10027
7289  21636
7290  31476
7291  7750
7292  4956
7293  453
7294  10581
7295  615
7296  1611
7297  24402
7298  33186
7299  18220
7300  1853
7301  24972
7302  18607
7303  27041
7304  22556
7305  31260
7306  28930
7307  8729
7308  22395
7309  17556
7310  6353
7311  9757
7312  15535
7313  27496
7314  5977
7315  20567
7316  7046
7317  26165
7318  24697
7319  26434
7320  19220
7321  5478
7322  7795
7323  12461
7324  18718
7325  16839
7326  6067
7327  32003
7328  16991
7329  1406
7330  8248
7331  7251
7332  14979
7333  17809
7334  3565
7335  1970
7336  26395
7337  8401
7338  11717
7339  21675
7340  26681
7341  2211
7342  32165
7343  5304
7344  8241
7345  16556
7346  9634
7347  9628
7348  8817
7349  4633
7350  726
7351  8281
7352  5884
7353  14823
7354  27312
7355  14216
7356  11623
7357  10816
7358  20752
7359  19733
7360  16883
7361  25212
7362  4991
7363  15377
7364  1173
7365  17944
7366  8692
7367  23331
7368  29800
7369  11769
7370  32011
7371  28143
7372  4608
7373  18208
7374  24184
7375  9290
7376  30808
7377  21537
7378  1760
7379  12047
7380  8597
7381  13964
7382  1952
7383  25038
7384  4605
7385  9336
7386  575
7387  2177
7388  18370
7389  27037
7390  20614
7391  6283
7392  12242
7393  5137
7394  11474
7395  24395
7396  29328
7397  8820
7398  12192
7399  10332
7400  18236
7401  18357
7402  24823
7403  5989
7404  16077
7405  1279
7406  5047
7407  29067
7408  368
7409  21050
7410  27761
7411  18560
7412  16614
7413  18535
7414  6355
7415  25021
7416  13970
7417  5412
7418  27007
7419  14416
7420  24417
7421  11067
7422  22679
7423  24340
7424  24196
7425  14055
7426  14556
7427  20616
7428  9851
7429  10925
7430  23909
7431  10590
7432  14499
7433  21895
7434  11871
7435  3329
7436  27328
7437  29580
7438  21173
7439  4662
7440  6383
7441  13344
7442  316
7443  22144
7444  30581
7445  18635
7446  7436
7447  8700
7448  16183
7449  26042
7450  17804
7451  15291
7452  20285
7453  31086
7454  24703
7455  7519
7456  5178
7457  15023
7458  4871
7459  10100
7460  1942
7461  9407
7462  24950
7463  9796
7464  13351
7465  21861
7466  19441
7467  33042
7468  5224
7469  24028
7470  31981
7471  26559
7472  1669
7473  18609
7474  29798
7475  26571
7476  3545
7477  13195
7478  24400
7479  2314
7480  10454
7481  8924
7482  17289
7483  24246
7484  29445
7485  4279
7486  24982
7487  28836
7488  15324
7489  29432
7490  1344
7491  28739
7492  26226
7493  8136
7494  29802
7495  1508
7496  6140
7497  5846
7498  10599
7499  1510
7500  7035
7501  32575
7502  14735
7503  8727
7504  3572
7505  30425
7506  9585
7507  6278
7508  12957
7509  16367
7510  21243
7511  5733
7512  7415
7513  1932
7514  4738
7515  7940
7516  3318
7517  17932
7518  19590
7519  30877
7520  24080
7521  18909
7522  17867
7523  18549
7524  7341
7525  1244
7526  23994
7527  1012
7528  9231
7529  14901
7530  21084
7531  31206
7532  1293
7533  4519
7534  17461
7535  21438
7536  1983
7537  24018
7538  839
7539  19454
7540  4647
7541  35164
7542  18008
7543  967
7544  8264
7545  19359
7546  20509
7547  15935
7548  27920
7549  4748
7550  24270
7551  27517
7552  14253
7553  20607
7554  29003
7555  24735
7556  699
7557  13007
7558  21316
7559  29578
7560  29340
7561  30677
7562  5067
7563  32545
7564  22151
7565  9667
7566  11244
7567  10848
7568  1772
7569  9602
7570  24609
7571  4528
7572  30458
7573  24100
7574  19339
7575  4985
7576  9079
7577  14638
7578  4323
7579  29806
7580  19978
7581  29251
7582  29322
7583  4874
7584  14620
7585  7971
7586  5208
7587  22021
7588  6258
7589  31854
7590  15836
7591  27853
7592  12264
7593  28674
7594  4955
7595  32801
7596  20902
7597  20615
7598  11659
7599  22634
7600  5126
7601  1095
7602  17652
7603  14059
7604  19417
7605  30773
7606  24900
7607  5163
7608  18601
7609  27076
7610  29687
7611  7307
7612  14653
7613  2155
7614  4722
7615  26479
7616  9276
7617  10626
7618  30820
7619  18289
7620  5982
7621  5045
7622  29024
7623  12081
7624  25618
7625  7534
7626  7087
7627  11190
7628  7359
7629  9643
7630  7297
7631  4223
7632  9729
7633  1747
7634  27339
7635  21848
7636  30339
7637  11074
7638  4181
7639  30310
7640  32904
7641  9119
7642  15483
7643  13958
7644  15586
7645  12521
7646  20889
7647  29864
7648  27906
7649  29002
7650  26928
7651  28384
7652  22301
7653  1636
7654  4135
7655  25134
7656  17807
7657  15258
7658  7726
7659  10836
7660  22356
7661  2317
7662  26046
7663  8080
7664  8377
7665  24131
7666  29607
7667  15649
7668  14493
7669  7820
7670  26543
7671  10406
7672  18345
7673  5893
7674  26570
7675  13783
7676  22521
7677  4612
7678  28514
7679  9445
7680  4718
7681  8210
7682  28005
7683  24856
7684  15277
7685  6117
7686  31084
7687  6099
7688  3474
7689  19907
7690  25897
7691  23350
7692  15116
7693  1297
7694  1601
7695  13190
7696  1551
7697  16929
7698  21092
7699  26671
7700  18577
7701  1463
7702  15300
7703  27177
7704  20511
7705  287
7706  22553
7707  5380
7708  4196
7709  27275
7710  10124
7711  523
7712  18149
7713  19632
7714  22495
7715  25619
7716  11176
7717  25930
7718  21171
7719  30868
7720  9629
7721  21530
7722  22527
7723  11577
7724  695
7725  27756
7726  25143
7727  17227
7728  26377
7729  1397
7730  5521
7731  28648
7732  29599
7733  30173
7734  31294
7735  13548
7736  12136
7737  27044
7738  18101
7739  5576
7740  18102
7741  1128
7742  17516
7743  15462
7744  3630
7745  10803
7746  16442
7747  31060
7748  20398
7749  521
7750  31942
7751  15587
7752  21889
7753  10952
7754  17372
7755  12795
7756  24517
7757  1590
7758  26910
7759  24842
7760  18234
7761  26348
7762  5071
7763  27481
7764  14853
7765  27979
7766  32930
7767  13439
7768  6365
7769  10900
7770  17473
7771  6072
7772  11529
7773  24544
7774  23040
7775  27666
7776  1302
7777  24349
7778  6318
7779  18986
7780  25003
7781  14755
7782  8681
7783  12309
7784  31091
7785  23224
7786  9114
7787  23827
7788  22536
7789  6447
7790  842
7791  22403
7792  22313
7793  8310
7794  25368
7795  25889
7796  18537
7797  21857
7798  25795
7799  22315
7800  2362
7801  15826
7802  8276
7803  1614
7804  7531
7805  6134
7806  19679
7807  21223
7808  17951
7809  11466
7810  10465
7811  17342
7812  29504
7813  16950
7814  7602
7815  1347
7816  4630
7817  2104
7818  9331
7819  9024
7820  1743
7821  21878
7822  12062
7823  3386
7824  671
7825  18591
7826  17747
7827  1285
7828  3491
7829  7477
7830  9073
7831  17907
7832  11026
7833  5562
7834  21060
7835  12352
7836  10878
7837  315
7838  13857
7839  7536
7840  4551
7841  16187
7842  4769
7843  27179
7844  24429
7845  13062
7846  591
7847  30061
7848  4542
7849  493
7850  19301
7851  22728
7852  10467
7853  13425
7854  13162
7855  19602
7856  10912
7857  22071
7858  14857
7859  17559
7860  886
7861  2258
7862  21957
7863  4539
7864  21166
7865  6045
7866  8455
7867  7116
7868  20441
7869  2284
7870  7101
