0  31678
1  16037
2  27073
3  13843
4  13946
5  14408
6  29748
7  18547
8  12251
9  7641
10  23358
11  20778
12  17999
13  19045
14  11139
15  19765
16  11080
17  28064
18  15467
19  15722
20  19787
21  24736
22  14987
23  19542
24  13126
25  19871
26  7994
27  13633
28  2214
29  13851
30  10668
31  13562
32  33675
33  15991
34  15522
35  18051
36  3157
37  19887
38  19874
39  19073
40  21520
41  14370
42  21346
43  15775
44  15774
45  7163
46  12773
47  30590
48  19685
49  24940
50  28771
51  13742
52  19176
53  15843
54  13907
55  23338
56  3179
57  28651
58  2006
59  33148
60  10660
61  13039
62  22770
63  17811
64  5287
65  19134
66  5934
67  20758
68  7223
69  33365
70  5972
71  6769
72  24011
73  8197
74  10137
75  15379
76  7897
77  29613
78  17195
79  20525
80  16947
81  20746
82  20425
83  19131
84  20593
85  23383
86  33475
87  2063
88  17397
89  32043
90  23049
91  30951
92  22728
93  21662
94  13675
95  28263
96  19625
97  16026
98  5315
99  13413
100  2108
101  26936
102  24637
103  22831
104  24466
105  17660
106  12321
107  23696
108  27869
109  8420
110  30708
111  13539
112  27390
113  3158
114  29229
115  26829
116  6041
117  23321
118  3268
119  26649
120  4104
121  14409
122  27875
123  3598
124  6104
125  21136
126  17221
127  17021
128  26709
129  13191
130  29693
131  4617
132  13296
133  13138
134  17147
135  25699
136  20629
137  31137
138  19040
139  14993
140  32767
141  26248
142  21050
143  13274
144  6343
145  20952
146  4657
147  28800
148  16946
149  6658
150  24722
151  19352
152  13714
153  6953
154  6759
155  10826
156  6376
157  31027
158  17078
159  8223
160  33538
161  33116
162  19909
163  14741
164  23815
165  32057
166  6441
167  6502
168  27664
169  12206
170  29343
171  15069
172  18591
173  28049
174  13204
175  30917
176  30857
177  26601
178  21711
179  14776
180  17682
181  12619
182  30278
183  20795
184  6471
185  33133
186  30677
187  3930
188  13203
189  24618
190  3439
191  23345
192  18030
193  30851
194  15317
195  33355
196  31120
197  28996
198  15804
199  19327
200  31024
201  8918
202  7554
203  15252
204  19648
205  12779
206  17616
207  16584
208  10207
209  19088
210  19964
211  8785
212  24278
213  14961
214  23448
215  15045
216  7962
217  26530
218  28442
219  20607
220  29170
221  15787
222  23811
223  24624
224  19770
225  8191
226  21051
227  14707
228  26545
229  8682
230  12093
231  21858
232  12690
233  29385
234  4170
235  4587
236  16777
237  9517
238  6973
239  10944
240  25005
241  33374
242  14235
243  13715
244  5970
245  7887
246  14631
247  14819
248  13769
249  16279
250  27953
251  14083
252  28009
253  4977
254  19082
255  18559
256  10036
257  13294
258  18870
259  8136
260  29928
261  19264
262  10051
263  29293
264  32756
265  8323
266  8444
267  2010
268  15974
269  9831
270  20712
271  31290
272  7224
273  13905
274  20630
275  13156
276  17606
277  24389
278  24026
279  16519
280  28553
281  14081
282  19357
283  4836
284  18106
285  15116
286  20435
287  31292
288  33245
289  21544
290  32142
291  15644
292  22966
293  12959
294  12527
295  29526
296  13197
297  3726
298  7769
299  23285
300  22686
301  6472
302  14583
303  28011
304  11111
305  13583
306  5571
307  14414
308  12828
309  7340
310  4978
311  23825
312  19309
313  24896
314  4774
315  22658
316  20012
317  21526
318  14265
319  31753
320  21343
321  31183
322  20681
323  15995
324  16574
325  19381
326  3585
327  4845
328  21580
329  18651
330  19879
331  29295
332  9553
333  26707
334  33360
335  4670
336  22859
337  27793
338  13258
339  27853
340  19232
341  20771
342  13032
343  10643
344  13828
345  15705
346  8877
347  21419
348  20989
349  20880
350  10164
351  5129
352  14205
353  23907
354  15656
355  20743
356  18869
357  30745
358  12764
359  20904
360  13461
361  21008
362  20008
363  15284
364  20526
365  21381
366  18842
367  31121
368  19335
369  22687
370  33611
371  21249
372  24409
373  28964
374  15376
375  33546
376  29315
377  21441
378  28135
379  30969
380  18763
381  15392
382  29420
383  10787
384  29907
385  26933
386  3515
387  19977
388  10540
389  25006
390  13261
391  16723
392  19753
393  19196
394  21327
395  31885
396  17555
397  8770
398  18891
399  4994
400  33368
401  8517
402  30439
403  5409
404  21335
405  9564
406  10487
407  32606
408  21332
409  22069
410  31931
411  30771
412  28032
413  15491
414  21713
415  30994
416  12913
417  25237
418  19888
419  8837
420  5949
421  17747
422  15081
423  23987
424  29820
425  15215
426  8577
427  28833
428  18784
429  6035
430  26424
431  23308
432  10188
433  19840
434  29300
435  20833
436  7955
437  8253
438  15945
439  26433
440  9073
441  29886
442  3599
443  27663
444  29215
445  18231
446  31202
447  29537
448  20835
449  30756
450  8138
451  21867
452  14597
453  3942
454  1845
455  21353
456  16517
457  13400
458  22869
459  20647
460  12243
461  8838
462  21422
463  21719
464  20674
465  18798
466  13327
467  26500
468  8210
469  26464
470  10825
471  13545
472  29727
473  15103
474  18484
475  13858
476  29441
477  16883
478  26389
479  19723
480  24765
481  21698
482  10693
483  15037
484  31580
485  4352
486  14972
487  14057
488  3007
489  21766
490  21503
491  27531
492  15139
493  14514
494  15744
495  19513
496  15189
497  8694
498  17118
499  24275
500  15988
501  16471
502  23064
503  14072
504  4742
505  30582
506  27721
507  19900
508  24647
509  23682
510  17163
511  21412
512  22878
513  13585
514  7629
515  20318
516  15393
517  23077
518  4450
519  31046
520  19910
521  5529
522  13006
523  13169
524  29331
525  27004
526  1912
527  11240
528  15673
529  25462
530  14142
531  19149
532  14739
533  17644
534  19919
535  8106
536  17103
537  24212
538  24942
539  28388
540  17839
541  16567
542  20479
543  19051
544  15944
545  24229
546  4956
547  16813
548  9288
549  27215
550  8131
551  6084
552  23242
553  13127
554  4715
555  8157
556  8733
557  26361
558  20748
559  20998
560  19601
561  22030
562  13580
563  15372
564  19512
565  22838
566  13199
567  17977
568  12467
569  7620
570  18614
571  22867
572  20006
573  7488
574  29425
575  24160
576  13415
577  28722
578  22207
579  24233
580  1831
581  3588
582  13092
583  3437
584  4528
585  19150
586  15523
587  18971
588  19016
589  16743
590  15678
591  10427
592  12517
593  24421
594  18123
595  17213
596  29811
597  12139
598  10962
599  19985
600  17677
601  14112
602  21433
603  15179
604  21455
605  27196
606  13791
607  14105
608  20535
609  26218
610  28440
611  3093
612  11109
613  17614
614  18963
615  7345
616  2047
617  12421
618  32801
619  3798
620  22777
621  14624
622  6904
623  29271
624  14330
625  33658
626  14136
627  24395
628  31513
629  14959
630  21640
631  20818
632  21555
633  27500
634  15754
635  5189
636  12279
637  4718
638  15044
639  29553
640  4487
641  18521
642  21778
643  31930
644  17238
645  26353
646  19618
647  18777
648  20846
649  17870
650  25649
651  19983
652  18751
653  16521
654  13869
655  28944
656  20978
657  20586
658  31815
659  26807
660  3692
661  28655
662  29107
663  16736
664  10189
665  32841
666  5035
667  19299
668  5896
669  16415
670  16907
671  12164
672  32609
673  20454
674  18141
675  21259
676  24619
677  21384
678  8518
679  20315
680  21758
681  28310
682  20920
683  15783
684  29183
685  29039
686  21697
687  19071
688  19730
689  8297
690  14210
691  18850
692  26833
693  15601
694  22093
695  13179
696  5744
697  30862
698  23088
699  18359
700  8806
701  8494
702  12949
703  13311
704  29078
705  20761
706  12586
707  20720
708  27212
709  5662
710  13518
711  9171
712  23639
713  16369
714  8783
715  28669
716  29205
717  26957
718  13805
719  22212
720  23935
721  21241
722  25363
723  16034
724  30996
725  9698
726  30999
727  19340
728  33140
729  13543
730  20582
731  22685
732  6225
733  12574
734  33411
735  19489
736  22249
737  14555
738  13661
739  15574
740  13104
741  7945
742  26938
743  16968
744  15315
745  23342
746  15230
747  19511
748  23807
749  26505
750  21282
751  26477
752  8545
753  12826
754  19857
755  19898
756  12627
757  9538
758  7346
759  16006
760  6148
761  28342
762  13388
763  31661
764  5238
765  24629
766  17303
767  19437
768  21242
769  28803
770  20621
771  13141
772  7936
773  6019
774  4385
775  10503
776  14153
777  21431
778  19351
779  19205
780  22182
781  24046
782  19002
783  4354
784  31029
785  21146
786  6355
787  5929
788  2044
789  33176
790  33337
791  17121
792  3753
793  4752
794  24436
795  12466
796  10221
797  7630
798  13781
799  18928
800  27511
801  14090
802  13557
803  21693
804  19904
805  24644
806  14061
807  28801
808  14855
809  9149
810  19370
811  19133
812  8698
813  23155
814  20934
815  10182
816  13787
817  18435
818  8757
819  20456
820  27221
821  6725
822  4710
823  4911
824  14586
825  6165
826  9605
827  26908
828  26949
829  7808
830  4292
831  18922
832  26515
833  15781
834  3549
835  5237
836  15662
837  19371
838  7334
839  32148
840  2030
841  12922
842  20941
843  17059
844  23061
845  26660
846  20849
847  21439
848  31673
849  20275
850  6067
851  31045
852  17915
853  8242
854  2090
855  24088
856  17061
857  17157
858  27514
859  30201
860  9396
861  3193
862  6024
863  17686
864  24716
865  6884
866  14474
867  33506
868  19510
869  20913
870  21451
871  33389
872  16334
873  13974
874  13168
875  21524
876  14966
877  23692
878  30566
879  22789
880  19219
881  19384
882  32098
883  23680
884  5235
885  25609
886  21789
887  27834
888  27937
889  22776
890  33115
891  15236
892  22330
893  14098
894  19972
895  21699
896  23327
897  24408
898  15657
899  32087
900  3939
901  26542
902  20830
903  19867
904  7121
905  15164
906  19585
907  14780
908  27068
909  13328
910  10684
911  27562
912  24114
913  30353
914  30940
915  14238
916  33257
917  29216
918  7722
919  29638
920  24599
921  26615
922  18592
923  10530
924  27435
925  19075
926  15282
927  6179
928  9114
929  8252
930  32964
931  21086
932  23636
933  17624
934  18728
935  4678
936  21240
937  18017
938  26351
939  30605
940  6511
941  18455
942  24027
943  8028
944  21581
945  15090
946  15605
947  20240
948  14887
949  18447
950  31353
951  18856
952  30793
953  12054
954  15883
955  9766
956  18423
957  24008
958  10495
959  19022
960  4955
961  8037
962  29097
963  5916
964  4676
965  18564
966  20326
967  21077
968  23934
969  13323
970  14789
971  18023
972  20961
973  23116
974  13789
975  31924
976  14615
977  9053
978  19914
979  11178
980  24579
981  15004
982  33617
983  28343
984  26410
985  28115
986  6885
987  21823
988  13576
989  23764
990  9480
991  15745
992  9328
993  30225
994  30612
995  12753
996  13277
997  32586
998  18095
999  19355
1000  4163
1001  14777
1002  13833
1003  13110
1004  10337
1005  5282
1006  22904
1007  31194
1008  18253
1009  22804
1010  30646
1011  26921
1012  5266
1013  14957
1014  29617
1015  24717
1016  12140
1017  7957
1018  5905
1019  30841
1020  19752
1021  19868
1022  14415
1023  15299
1024  16962
1025  19609
1026  14814
1027  17325
1028  13527
1029  5688
1030  4773
1031  13299
1032  29805
1033  23344
1034  29944
1035  19892
1036  21828
1037  8128
1038  4638
1039  16148
1040  19254
1041  18815
1042  23893
1043  26715
1044  22178
1045  14379
1046  21714
1047  5229
1048  15234
1049  6370
1050  30722
1051  16570
1052  10112
1053  21358
1054  11218
1055  12630
1056  24588
1057  18704
1058  18877
1059  13410
1060  24107
1061  21407
1062  16389
1063  23043
1064  15204
1065  15680
1066  19144
1067  24174
1068  19946
1069  4440
1070  20865
1071  4903
1072  18056
1073  7959
1074  27447
1075  13153
1076  12192
1077  19984
1078  15086
1079  30657
1080  23693
1081  10073
1082  20237
1083  21452
1084  9686
1085  6021
1086  5326
1087  8870
1088  17427
1089  12643
1090  6912
1091  16091
1092  16739
1093  7320
1094  19926
1095  3080
1096  16983
1097  22809
1098  30610
1099  14645
1100  13352
1101  16476
1102  26263
1103  31206
1104  10231
1105  21798
1106  3170
1107  6952
1108  21383
1109  6508
1110  10135
1111  17511
1112  7913
1113  29287
1114  20604
1115  13361
1116  19047
1117  19089
1118  6144
1119  21497
1120  19925
1121  21286
1122  17241
1123  19195
1124  13257
1125  31642
1126  31764
1127  32802
1128  6732
1129  28894
1130  18950
1131  7873
1132  26314
1133  14052
1134  18439
1135  4582
1136  12491
1137  21362
1138  13307
1139  6724
1140  6322
1141  26899
1142  21379
1143  21176
1144  20790
1145  13242
1146  8794
1147  10125
1148  18526
1149  20658
1150  26705
1151  18512
1152  20603
1153  19745
1154  16985
1155  23013
1156  12584
1157  12562
1158  28617
1159  13166
1160  6604
1161  19617
1162  19901
1163  22905
1164  1892
1165  31986
1166  16982
1167  18800
1168  7011
1169  19360
1170  3826
1171  13027
1172  26613
1173  18160
1174  33624
1175  12473
1176  9387
1177  10577
1178  13817
1179  33456
1180  30398
1181  29861
1182  23933
1183  19091
1184  4356
1185  30968
1186  3397
1187  27092
1188  27823
1189  27881
1190  19300
1191  29366
1192  6338
1193  20804
1194  21400
1195  23780
1196  5660
1197  13860
1198  8704
1199  17876
1200  17596
1201  19167
1202  29022
1203  5265
1204  21385
1205  11077
1206  28887
1207  18687
1208  22267
1209  22160
1210  18878
1211  13741
1212  16005
1213  31385
1214  9690
1215  14652
1216  7736
1217  31426
1218  19658
1219  16691
1220  22929
1221  30787
1222  15343
1223  20943
1224  24010
1225  2033
1226  11156
1227  8709
1228  17122
1229  7382
1230  11097
1231  13806
1232  8822
1233  20270
1234  25950
1235  13729
1236  17656
1237  32723
1238  6382
1239  26546
1240  21436
1241  13417
1242  17124
1243  6396
1244  26518
1245  26610
1246  16724
1247  3177
1248  19228
1249  26843
1250  30768
1251  9440
1252  15089
1253  26161
1254  17722
1255  13870
1256  29696
1257  9401
1258  4347
1259  13116
1260  22724
1261  8988
1262  12296
1263  8960
1264  30647
1265  23940
1266  32623
1267  14994
1268  21167
1269  8095
1270  21569
1271  15125
1272  13063
1273  31358
1274  28684
1275  9402
1276  31759
1277  7067
1278  21866
1279  10807
1280  14088
1281  3115
1282  19140
1283  31875
1284  4012
1285  32853
1286  8615
1287  18808
1288  6824
1289  21491
1290  15929
1291  18681
1292  26294
1293  19260
1294  16604
1295  3273
1296  19944
1297  10718
1298  4980
1299  21233
1300  24045
1301  33486
1302  14143
1303  33264
1304  13247
1305  19306
1306  28705
1307  4171
1308  21409
1309  8025
1310  17373
1311  24142
1312  15998
1313  3183
1314  16333
1315  8379
1316  3279
1317  31577
1318  30014
1319  8868
1320  15748
1321  13693
1322  19006
1323  26778
1324  29865
1325  21703
1326  6996
1327  18136
1328  12654
1329  7259
1330  27836
1331  7228
1332  27515
1333  13915
1334  21466
1335  21129
1336  26337
1337  13403
1338  3592
1339  19756
1340  31791
1341  32078
1342  20764
1343  27548
1344  14743
1345  31086
1346  24767
1347  20459
1348  26704
1349  14460
1350  29738
1351  8024
1352  30907
1353  20955
1354  19319
1355  20605
1356  7964
1357  31856
1358  21759
1359  13390
1360  14197
1361  13115
1362  33434
1363  28143
1364  12699
1365  33319
1366  10758
1367  19093
1368  3551
1369  15043
1370  10210
1371  23288
1372  17612
1373  4028
1374  23741
1375  24057
1376  16921
1377  15199
1378  15507
1379  18511
1380  17087
1381  8388
1382  29198
1383  18060
1384  27781
1385  20503
1386  14126
1387  6829
1388  14135
1389  19212
1390  5683
1391  14873
1392  23808
1393  21467
1394  18779
1395  21064
1396  27630
1397  26305
1398  16416
1399  13276
1400  30287
1401  32697
1402  16648
1403  28459
1404  28862
1405  4340
1406  26806
1407  13221
1408  14809
1409  10554
1410  4155
1411  18466
1412  5143
1413  18028
1414  19175
1415  29519
1416  14955
1417  10113
1418  21265
1419  3274
1420  3818
1421  33250
1422  4623
1423  10222
1424  29785
1425  31496
1426  21584
1427  27839
1428  28156
1429  20992
1430  12418
1431  14697
1432  12991
1433  19218
1434  13172
1435  17911
1436  33439
1437  29803
1438  27763
1439  7406
1440  23223
1441  14910
1442  26686
1443  1527
1444  4754
1445  22232
1446  28094
1447  4337
1448  23892
1449  33273
1450  28412
1451  16999
1452  22444
1453  3950
1454  18940
1455  19897
1456  20281
1457  31205
1458  10075
1459  19004
1460  9950
1461  8135
1462  30920
1463  4565
1464  28417
1465  27327
1466  3175
1467  17420
1468  22340
1469  26632
1470  21822
1471  28151
1472  30695
1473  4755
1474  19924
1475  9289
1476  23684
1477  15509
1478  16939
1479  12628
1480  16603
1481  3351
1482  11103
1483  12756
1484  16848
1485  20909
1486  18715
1487  27941
1488  20796
1489  9626
1490  14853
1491  19389
1492  18861
1493  14051
1494  16035
1495  29123
1496  24176
1497  18649
1498  9444
1499  17025
1500  15716
1501  26832
1502  4688
1503  19072
1504  6353
1505  33132
1506  26895
1507  18918
1508  14472
1509  19317
1510  8118
1511  32724
1512  4561
1513  29440
1514  28874
1515  26506
1516  15597
1517  13482
1518  18954
1519  5119
1520  20516
1521  33427
1522  21523
1523  8789
1524  17094
1525  21059
1526  27404
1527  31108
1528  23812
1529  17331
1530  33083
1531  15598
1532  23929
1533  32877
1534  14999
1535  7793
1536  19650
1537  30946
1538  32770
1539  26830
1540  23493
1541  27618
1542  17356
1543  23216
1544  28006
1545  31050
1546  26352
1547  19250
1548  3694
1549  14620
1550  4576
1551  13521
1552  10485
1553  16755
1554  33207
1555  3537
1556  22180
1557  19112
1558  13251
1559  3869
1560  27934
1561  9537
1562  6653
1563  15041
1564  20798
1565  14891
1566  12811
1567  26336
1568  13333
1569  30743
1570  24384
1571  8322
1572  18148
1573  32965
1574  19880
1575  23848
1576  14024
1577  6722
1578  13507
1579  21694
1580  23418
1581  22312
1582  21303
1583  15758
1584  3476
1585  28753
1586  8505
1587  23734
1588  5211
1589  29626
1590  20680
1591  26616
1592  26503
1593  21266
1594  1918
1595  32849
1596  4144
1597  16536
1598  16577
1599  18228
1600  19182
1601  18112
1602  10086
1603  28603
1604  23947
1605  27355
1606  19702
1607  13646
1608  19026
1609  18075
1610  5601
1611  4461
1612  18909
1613  31048
1614  12229
1615  13262
1616  19326
1617  31198
1618  28890
1619  32651
1620  27222
1621  13279
1622  33535
1623  23673
1624  9107
1625  31126
1626  20962
1627  23002
1628  13814
1629  22781
1630  19248
1631  11184
1632  16942
1633  18604
1634  19911
1635  16089
1636  31645
1637  20322
1638  29546
1639  31348
1640  16126
1641  22078
1642  13404
1643  33483
1644  16610
1645  13295
1646  29460
1647  7348
1648  5539
1649  10890
1650  29427
1651  15082
1652  20480
1653  6822
1654  33262
1655  22926
1656  14251
1657  19712
1658  6115
1659  21718
1660  21350
1661  21689
1662  19883
1663  19432
1664  18811
1665  29641
1666  21398
1667  31136
1668  19097
1669  24787
1670  4142
1671  8151
1672  18486
1673  15253
1674  9796
1675  5503
1676  12841
1677  27791
1678  1823
1679  17598
1680  33065
1681  29100
1682  22727
1683  5676
1684  22919
1685  22637
1686  13997
1687  9874
1688  26919
1689  19480
1690  29840
1691  32018
1692  32652
1693  26468
1694  28175
1695  13254
1696  20965
1697  22769
1698  13955
1699  14480
1700  11225
1701  3627
1702  7063
1703  26481
1704  11224
1705  13026
1706  6832
1707  16226
1708  14835
1709  19522
1710  7178
1711  18631
1712  15735
1713  15629
1714  18939
1715  15057
1716  23962
1717  19526
1718  12062
1719  10110
1720  14518
1721  2089
1722  13314
1723  4740
1724  12890
1725  11018
1726  19497
1727  30837
1728  14602
1729  24719
1730  24062
1731  18949
1732  33022
1733  11162
1734  7045
1735  27961
1736  32953
1737  18143
1738  28316
1739  26699
1740  13544
1741  31611
1742  25012
1743  22868
1744  28544
1745  8432
1746  6066
1747  21434
1748  33329
1749  31857
1750  30863
1751  9816
1752  16085
1753  20502
1754  26973
1755  24180
1756  21410
1757  19065
1758  12598
1759  7603
1760  33286
1761  17724
1762  18394
1763  9573
1764  17126
1765  14861
1766  4905
1767  28781
1768  31098
1769  21769
1770  7894
1771  12246
1772  3619
1773  4989
1774  21470
1775  31004
1776  6055
1777  27579
1778  26975
1779  32910
1780  24060
1781  24092
1782  17271
1783  8060
1784  27878
1785  16338
1786  12926
1787  3443
1788  10824
1789  26330
1790  5041
1791  6497
1792  18438
1793  16203
1794  18650
1795  6734
1796  20672
1797  33030
1798  19380
1799  5166
1800  29302
1801  7940
1802  23762
1803  29047
1804  9489
1805  31068
1806  13999
1807  22759
1808  17190
1809  22497
1810  27347
1811  19632
1812  20819
1813  23281
1814  19754
1815  7013
1816  19098
1817  10949
1818  30765
1819  23355
1820  15375
1821  22805
1822  19676
1823  9331
1824  9470
1825  18981
1826  3548
1827  19602
1828  16837
1829  21258
1830  2041
1831  21411
1832  13367
1833  20709
1834  33437
1835  5447
1836  7988
1837  18147
1838  15344
1839  3609
1840  23311
1841  18391
1842  6365
1843  27723
1844  21351
1845  7727
1846  23786
1847  10665
1848  19141
1849  3955
1850  29296
1851  17407
1852  21522
1853  28347
1854  18081
1855  18539
1856  26959
1857  13301
1858  17102
1859  15463
1860  30805
1861  13362
1862  33353
1863  19043
1864  4944
1865  19287
1866  8144
1867  33489
1868  23690
1869  22199
1870  13598
1871  1861
1872  14621
1873  6926
1874  13360
1875  23851
1876  22933
1877  22901
1878  9041
1879  12580
1880  20707
1881  22920
1882  18164
1883  20238
1884  21377
1885  19495
1886  8441
1887  20654
1888  18250
1889  22235
1890  13429
1891  30617
1892  13779
1893  12129
1894  2036
1895  14859
1896  6050
1897  23865
1898  19903
1899  21160
1900  26550
1901  13641
1902  7383
1903  13248
1904  19709
1905  2009
1906  3632
1907  19940
1908  32938
1909  14395
1910  31058
1911  33465
1912  3909
1913  19320
1914  23029
1915  28008
1916  28162
1917  15042
1918  10782
1919  21328
1920  30594
1921  22342
1922  6980
1923  22652
1924  13811
1925  21596
1926  28658
1927  14552
1928  16011
1929  14648
1930  10249
1931  21607
1932  11189
1933  28822
1934  3503
1935  18622
1936  31321
1937  27885
1938  31042
1939  14392
1940  27783
1941  32099
1942  16484
1943  3970
1944  6921
1945  8046
1946  9608
1947  19833
1948  8308
1949  15984
1950  31871
1951  30846
1952  31054
1953  7180
1954  9884
1955  19375
1956  20671
1957  31178
1958  32595
1959  13647
1960  31049
1961  21486
1962  26718
1963  12329
1964  24339
1965  27509
1966  24225
1967  1870
1968  16887
1969  13142
1970  16152
1971  14209
1972  6702
1973  5306
1974  21127
1975  3210
1976  12479
1977  32887
1978  6002
1979  23219
1980  5649
1981  29389
1982  17192
1983  9960
1984  10131
1985  9844
1986  15755
1987  12611
1988  24248
1989  13321
1990  13048
1991  21830
1992  9336
1993  6478
1994  8878
1995  13665
1996  19036
1997  20845
1998  9921
1999  12751
2000  12154
2001  9399
2002  19792
2003  33559
2004  16613
2005  28311
2006  17451
2007  18456
2008  18457
2009  18458
2010  14711
2011  18452
2012  18453
2013  18454
2014  20597
2015  18448
2016  18449
2017  18450
2018  18443
2019  18445
2020  18446
2021  12671
2022  18463
2023  18464
2024  18459
2025  18460
2026  18461
2027  7958
2028  13508
2029  21172
2030  33612
2031  13485
2032  15370
2033  32126
2034  30199
2035  7349
2036  31009
2037  9734
2038  16892
2039  8243
2040  16433
2041  2035
2042  21852
2043  18108
2044  19193
2045  19713
2046  17442
2047  9451
2048  16754
2049  19028
2050  5254
2051  10071
2052  5720
2053  14942
2054  31339
2055  3928
2056  27552
2057  2045
2058  13103
2059  6077
2060  10950
2061  25617
2062  2112
2063  1793
2064  13872
2065  31087
2066  22188
2067  28234
2068  12293
2069  16894
2070  10991
2071  21427
2072  10794
2073  15191
2074  19663
2075  6417
2076  9839
2077  26643
2078  7474
2079  3408
2080  15933
2081  22886
2082  14075
2083  8635
2084  26512
2085  32035
2086  33046
2087  15682
2088  15666
2089  23884
2090  13453
2091  21459
2092  29973
2093  26281
2094  27239
2095  13051
2096  19612
2097  25615
2098  16683
2099  15610
2100  16945
2101  18142
2102  6955
2103  8229
2104  3686
2105  14317
2106  30725
2107  19323
2108  8039
2109  22443
2110  18588
2111  21527
2112  19436
2113  9453
2114  14159
2115  14988
2116  19649
2117  12124
2118  32976
2119  29615
2120  28765
2121  19407
2122  29136
2123  28063
2124  14465
2125  15665
2126  10756
2127  21087
2128  3590
2129  6894
2130  10915
2131  6287
2132  7907
2133  13250
2134  13357
2135  10103
2136  27104
2137  18415
2138  8373
2139  21115
2140  7784
2141  16448
2142  21357
2143  6082
2144  12568
2145  20534
2146  32696
2147  28233
2148  15126
2149  12713
2150  19603
2151  19742
2152  22860
2153  18817
2154  20693
2155  30525
2156  21368
2157  28208
2158  30147
2159  29392
2160  19530
2161  16483
2162  17981
2163  13241
2164  23371
2165  9964
2166  10940
2167  23286
2168  18648
2169  3564
2170  6395
2171  3633
2172  12609
2173  8225
2174  14546
2175  18440
2176  24030
2177  24700
2178  12235
2179  16229
2180  12096
2181  17772
2182  30651
2183  8817
2184  4927
2185  6673
2186  18031
2187  12778
2188  30752
2189  8891
2190  29461
2191  17896
2192  29925
2193  18485
2194  16802
2195  3781
2196  6931
2197  19629
2198  15084
2199  32751
2200  20682
2201  21573
2202  13499
2203  22753
2204  19202
2205  33141
2206  16550
2207  32894
2208  6586
2209  4237
2210  21135
2211  33407
2212  30719
2213  31337
2214  28676
2215  29735
2216  21795
2217  17623
2218  14026
2219  16847
2220  10700
2221  13563
2222  29222
2223  14992
2224  14985
2225  26983
2226  8533
2227  14549
2228  19890
2229  8415
2230  15982
2231  12160
2232  21405
2233  19383
2234  13792
2235  14664
2236  14313
2237  28222
2238  7600
2239  8079
2240  17871
2241  3182
2242  15647
2243  20546
2244  10226
2245  21131
2246  22649
2247  14050
2248  18725
2249  18145
2250  13547
2251  31110
2252  27475
2253  33707
2254  13265
2255  13264
2256  12651
2257  29749
2258  4912
2259  20763
2260  10393
2261  20822
2262  28329
2263  14023
2264  17889
2265  33278
2266  10822
2267  28647
2268  30213
2269  4726
2270  19699
2271  32793
2272  19535
2273  13961
2274  8104
2275  6977
2276  11155
2277  27341
2278  14795
2279  21330
2280  14823
2281  14596
2282  20359
2283  13606
2284  20554
2285  18706
2286  31311
2287  20263
2288  28160
2289  16445
2290  7161
2291  30399
2292  7918
2293  16801
2294  26428
2295  27241
2296  21454
2297  8855
2298  30905
2299  19197
2300  7072
2301  7188
2302  19029
2303  10017
2304  27852
2305  14632
2306  27120
2307  5079
2308  33018
2309  20938
2310  5677
2311  26327
2312  29259
2313  3009
2314  19795
2315  33237
2316  28635
2317  13399
2318  20879
2319  20269
2320  20914
2321  26885
2322  31283
2323  30903
2324  20667
2325  4873
2326  28117
2327  19758
2328  21490
2329  10136
2330  29340
2331  7678
2332  11236
2333  20805
2334  4181
2335  3773
2336  27342
2337  18129
2338  31112
2339  17123
2340  26333
2341  14746
2342  17985
2343  31145
2344  19163
2345  6546
2346  5528
2347  21163
2348  27451
2349  13574
2350  19347
2351  15910
2352  8350
2353  27229
2354  20622
2355  13414
2356  20655
2357  29829
2358  17728
2359  23822
2360  6337
2361  26368
2362  19672
2363  9055
2364  3235
2365  17609
2366  33248
2367  33145
2368  18975
2369  13676
2370  12074
2371  30550
2372  26948
2373  29373
2374  33118
2375  13387
2376  9810
2377  31059
2378  16080
2379  14811
2380  26951
2381  19177
2382  27344
2383  28668
2384  12812
2385  16108
2386  15568
2387  27872
2388  8916
2389  13135
2390  13005
2391  1884
2392  16527
2393  31101
2394  17643
2395  29970
2396  15040
2397  21755
2398  15190
2399  3764
2400  21123
2401  16806
2402  24533
2403  19680
2404  12748
2405  14244
2406  21083
2407  15946
2408  17866
2409  30853
2410  27203
2411  31081
2412  17417
2413  3608
2414  9637
2415  21707
2416  4319
2417  13174
2418  19931
2419  14680
2420  33006
2421  10920
2422  8383
2423  30632
2424  16660
2425  14512
2426  20488
2427  21450
2428  7675
2429  1839
2430  12951
2431  20533
2432  19958
2433  17257
2434  27699
2435  19501
2436  10798
2437  9939
2438  24634
2439  19368
2440  8358
2441  6809
2442  23963
2443  19644
2444  13105
2445  26584
2446  31384
2447  6190
2448  18052
2449  19810
2450  10892
2451  15183
2452  21554
2453  3149
2454  29072
2455  27897
2456  6792
2457  26784
2458  15966
2459  14551
2460  23908
2461  30520
2462  19935
2463  13582
2464  9356
2465  15046
2466  29439
2467  30751
2468  8286
2469  21567
2470  21525
2471  33015
2472  16702
2473  23347
2474  33623
2475  6818
2476  13597
2477  21738
2478  26356
2479  6799
2480  29965
2481  27472
2482  29270
2483  19678
2484  22186
2485  33430
2486  16827
2487  27468
2488  24410
2489  19780
2490  17016
2491  18029
2492  4415
2493  27106
2494  19725
2495  16539
2496  21224
2497  10257
2498  14204
2499  19128
2500  18948
2501  19631
2502  19292
2503  9846
2504  24363
2505  13331
2506  19684
2507  30676
2508  11124
2509  30524
2510  27329
2511  31330
2512  8246
2513  29105
2514  24048
2515  21792
2516  21675
2517  30436
2518  9313
2519  13132
2520  15340
2521  26818
2522  7899
2523  19421
2524  30652
2525  4960
2526  26780
2527  27180
2528  13874
2529  15047
2530  28275
2531  19858
2532  9725
2533  16696
2534  19288
2535  8294
2536  12106
2537  23999
2538  19350
2539  28666
2540  19820
2541  7632
2542  18603
2543  7866
2544  13409
2545  28831
2546  29246
2547  20298
2548  10900
2549  12917
2550  19148
2551  26357
2552  5766
2553  12579
2554  13435
2555  19412
2556  8834
2557  7915
2558  31524
2559  18945
2560  16774
2561  31873
2562  7567
2563  22226
2564  29073
2565  22830
2566  14540
2567  20675
2568  17973
2569  16930
2570  7970
2571  13654
2572  31367
2573  16608
2574  13093
2575  16367
2576  31783
2577  28105
2578  19811
2579  19188
2580  20807
2581  23306
2582  26708
2583  12433
2584  15129
2585  1872
2586  33521
2587  5557
2588  21061
2589  3739
2590  29050
2591  20802
2592  22762
2593  6874
2594  14826
2595  28118
2596  18114
2597  21842
2598  14653
2599  20493
2600  4851
2601  7030
2602  27660
2603  30350
2604  4381
2605  33048
2606  16578
2607  33146
2608  12172
2609  9713
2610  8084
2611  8726
2612  3979
2613  15736
2614  20553
2615  6422
2616  14764
2617  8380
2618  19345
2619  33127
2620  9567
2621  33518
2622  14092
2623  16061
2624  22841
2625  20757
2626  15483
2627  17100
2628  15200
2629  22840
2630  21609
2631  24024
2632  3596
2633  18898
2634  16898
2635  7593
2636  8537
2637  8404
2638  8461
2639  19611
2640  24559
2641  22391
2642  31264
2643  20323
2644  21754
2645  9534
2646  32880
2647  28383
2648  28902
2649  17409
2650  28097
2651  18076
2652  11013
2653  12188
2654  3870
2655  31908
2656  12374
2657  9077
2658  16703
2659  16530
2660  24639
2661  19108
2662  15068
2663  27384
2664  27666
2665  7256
2666  13124
2667  13732
2668  21476
2669  8576
2670  9423
2671  24028
2672  17023
2673  30726
2674  23938
2675  19147
2676  27494
2677  26370
2678  19015
2679  23844
2680  18985
2681  29839
2682  8058
2683  18688
2684  20567
2685  14895
2686  8567
2687  8119
2688  3508
2689  31008
2690  16698
2691  27622
2692  20786
2693  24734
2694  26916
2695  32667
2696  5944
2697  9148
2698  27725
2699  30649
2700  6882
2701  17255
2702  23356
2703  10138
2704  20967
2705  13303
2706  29169
2707  18892
2708  13310
2709  28152
2710  8292
2711  21273
2712  17541
2713  33648
2714  17591
2715  28221
2716  6913
2717  16047
2718  13691
2719  11168
2720  19764
2721  12230
2722  33045
2723  8699
2724  7517
2725  31016
2726  20855
2727  18558
2728  19328
2729  19639
2730  13913
2731  18755
2732  21456
2733  16205
2734  16546
2735  19315
2736  5565
2737  17111
2738  4026
2739  7510
2740  26354
2741  30256
2742  24182
2743  19921
2744  14380
2745  33573
2746  16649
2747  22252
2748  13139
2749  31959
2750  7547
2751  14438
2752  13673
2753  14751
2754  17167
2755  14131
2756  21506
2757  18843
2758  26549
2759  27051
2760  12248
2761  31117
2762  33367
2763  15606
2764  20916
2765  19225
2766  25013
2767  26480
2768  33191
2769  19213
2770  33386
2771  16607
2772  33459
2773  18904
2774  32007
2775  12861
2776  20455
2777  19258
2778  21575
2779  20299
2780  22333
2781  19918
2782  2106
2783  16130
2784  3219
2785  22796
2786  22829
2787  21820
2788  16949
2789  15996
2790  9366
2791  20319
2792  28408
2793  9419
2794  17587
2795  31870
2796  20613
2797  30856
2798  16524
2799  22024
2800  33410
2801  15208
2802  13347
2803  27716
2804  19192
2805  14921
2806  13840
2807  12392
2808  4015
2809  14337
2810  14398
2811  16155
2812  21863
2813  10772
2814  15987
2815  12652
2816  22954
2817  6782
2818  32729
2819  17057
2820  5805
2821  16657
2822  13154
2823  14282
2824  15309
2825  4966
2826  30769
2827  30513
2828  7951
2829  16307
2830  22304
2831  19953
2832  4180
2833  30438
2834  13244
2835  8570
2836  21679
2837  33706
2838  19227
2839  6217
2840  10516
2841  7811
2842  12608
2843  28997
2844  8858
2845  14831
2846  24473
2847  3961
2848  19138
2849  22827
2850  11133
2851  19908
2852  9769
2853  26482
2854  16127
2855  15600
2856  14758
2857  12505
2858  24791
2859  14227
2860  9598
2861  17854
2862  13790
2863  24251
2864  21801
2865  17743
2866  15442
2867  3625
2868  19896
2869  21159
2870  6679
2871  6364
2872  13108
2873  8534
2874  21579
2875  26693
2876  19751
2877  28587
2878  6715
2879  5655
2880  20968
2881  18987
2882  8844
2883  5303
2884  33178
2885  17066
2886  16504
2887  17185
2888  27815
2889  23691
2890  33128
2891  9317
2892  31130
2893  12640
2894  22185
2895  22764
2896  19949
2897  29566
2898  3506
2899  28209
2900  22812
2901  13402
2902  32678
2903  3168
2904  33195
2905  15464
2906  28363
2907  8031
2908  8398
2909  11237
2910  13523
2911  28012
2912  22394
2913  8321
2914  24954
2915  20711
2916  22688
2917  20296
2918  31416
2919  21463
2920  28674
2921  31452
2922  14983
2923  32732
2924  15263
2925  30214
2926  12810
2927  13561
2928  19905
2929  14890
2930  19807
2931  18868
2932  22684
2933  13313
2934  10355
2935  13798
2936  20991
2937  15279
2938  26599
2939  1832
2940  12850
2941  6611
2942  30217
2943  17275
2944  29382
2945  29930
2946  19991
2947  12379
2948  32873
2949  6392
2950  16540
2951  23776
2952  23243
2953  28711
2954  21471
2955  22914
2956  15796
2957  15195
2958  12286
2959  15337
2960  24489
2961  15700
2962  16003
2963  4595
2964  18758
2965  19286
2966  27678
2967  30674
2968  22309
2969  33324
2970  24179
2971  5891
2972  3565
2973  29744
2974  28106
2975  22802
2976  20769
2977  33529
2978  29912
2979  19281
2980  14962
2981  20801
2982  28313
2983  18947
2984  18373
2985  20885
2986  12483
2987  23829
2988  3782
2989  13422
2990  24145
2991  8076
2992  3881
2993  30779
2994  16528
2995  22241
2996  33571
2997  9394
2998  6332
2999  20244
3000  32900
3001  32655
3002  7961
3003  32143
3004  15029
3005  19374
3006  10569
3007  14275
3008  10620
3009  16501
3010  18854
3011  4629
3012  26434
3013  17823
3014  4147
3015  13421
3016  17901
3017  8417
3018  21510
3019  23681
3020  12691
3021  19283
3022  19943
3023  12915
3024  10132
3025  30675
3026  22881
3027  3165
3028  16762
3029  22148
3030  29042
3031  7328
3032  20324
3033  8411
3034  12953
3035  12899
3036  21315
3037  29141
3038  3701
3039  8725
3040  8346
3041  22882
3042  16534
3043  18962
3044  13164
3045  21638
3046  31746
3047  26543
3048  19416
3049  22747
3050  19959
3051  12898
3052  27578
3053  21712
3054  19343
3055  16580
3056  30794
3057  20996
3058  10525
3059  27399
3060  8917
3061  30639
3062  12465
3063  20787
3064  27388
3065  13389
3066  23810
3067  17018
3068  12537
3069  4691
3070  21603
3071  14439
3072  3606
3073  28546
3074  19031
3075  26825
3076  14701
3077  13180
3078  10761
3079  16609
3080  21137
3081  16654
3082  24289
3083  20623
3084  9784
3085  17768
3086  11191
3087  23787
3088  14781
3089  19316
3090  9111
3091  24739
3092  17655
3093  31336
3094  4800
3095  12663
3096  26642
3097  28952
3098  31453
3099  14226
3100  20631
3101  13669
3102  18847
3103  13272
3104  21743
3105  33060
3106  26719
3107  10607
3108  17647
3109  25007
3110  3783
3111  12929
3112  33615
3113  6126
3114  14723
3115  24023
3116  18522
3117  30416
3118  16352
3119  19769
3120  5552
3121  5316
3122  14391
3123  22928
3124  17534
3125  10242
3126  20736
3127  26776
3128  17220
3129  3272
3130  18101
3131  7548
3132  23336
3133  21786
3134  5480
3135  23845
3136  8631
3137  23301
3138  20330
3139  10757
3140  16640
3141  12218
3142  31188
3143  6778
3144  29492
3145  22736
3146  12669
3147  17869
3148  20523
3149  31096
3150  20834
3151  9395
3152  19667
3153  1865
3154  3845
3155  8271
3156  21612
3157  32614
3158  32146
3159  19214
3160  14585
3161  12427
3162  19367
3163  7519
3164  19396
3165  29473
3166  29257
3167  23085
3168  31203
3169  16087
3170  21834
3171  16869
3172  23334
3173  12425
3174  8745
3175  19534
3176  20518
3177  15616
3178  31053
3179  21088
3180  17732
3181  17013
3182  19906
3183  30777
3184  8882
3185  15329
3186  17253
3187  4564
3188  33348
3189  30835
3190  19608
3191  19941
3192  15038
3193  31128
3194  28851
3195  7818
3196  10389
3197  10098
3198  33467
3199  28697
3200  27372
3201  3734
3202  19119
3203  21806
3204  31140
3205  14562
3206  17029
3207  14457
3208  4939
3209  12500
3210  12174
3211  2027
3212  9018
3213  15511
3214  19718
3215  31843
3216  14154
3217  8277
3218  28095
3219  5167
3220  19014
3221  6572
3222  7029
3223  28606
3224  16452
3225  32809
3226  6048
3227  10469
3228  14190
3229  22102
3230  24568
3231  31197
3232  30395
3233  22898
3234  19105
3235  22101
3236  20661
3237  24234
3238  3014
3239  9888
3240  14420
3241  19449
3242  19980
3243  26526
3244  16950
3245  23894
3246  27757
3247  8013
3248  13906
3249  6693
3250  18805
3251  33638
3252  2107
3253  21336
3254  7646
3255  21512
3256  28336
3257  13479
3258  27145
3259  26541
3260  18229
3261  16599
3262  31100
3263  15538
3264  7347
3265  8772
3266  16033
3267  23152
3268  22757
3269  27541
3270  15882
3271  9221
3272  8090
3273  20293
3274  16600
3275  5750
3276  20960
3277  12422
3278  4563
3279  15670
3280  28214
3281  17721
3282  7126
3283  23317
3284  3421
3285  4875
3286  6289
3287  33471
3288  13831
3289  9845
3290  23431
3291  8239
3292  24041
3293  26640
3294  12432
3295  29203
3296  16012
3297  12900
3298  23949
3299  14744
3300  5831
3301  27328
3302  6185
3303  27320
3304  16830
3305  21489
3306  31241
3307  9679
3308  33023
3309  19101
3310  14569
3311  6714
3312  20766
3313  20651
3314  22735
3315  13876
3316  6840
3317  16706
3318  10888
3319  22871
3320  30921
3321  17734
3322  10906
3323  30711
3324  17742
3325  10875
3326  28873
3327  16156
3328  6022
3329  33560
3330  18025
3331  26539
3332  18925
3333  27849
3334  13477
3335  14441
3336  4230
3337  3231
3338  30603
3339  19801
3340  12610
3341  19139
3342  21610
3343  14166
3344  22269
3345  17868
3346  21168
3347  8562
3348  27175
3349  8329
3350  8008
3351  8143
3352  13046
3353  18377
3354  12157
3355  13947
3356  15336
3357  13474
3358  4239
3359  20863
3360  23189
3361  19081
3362  4716
3363  7144
3364  17204
3365  22865
3366  32857
3367  7969
3368  8719
3369  8579
3370  18656
3371  31196
3372  19503
3373  17744
3374  27532
3375  21255
3376  26821
3377  20827
3378  5522
3379  17321
3380  8729
3381  13653
3382  27887
3383  13875
3384  14163
3385  16627
3386  15632
3387  33532
3388  23000
3389  33555
3390  17205
3391  19419
3392  15876
3393  9417
3394  14320
3395  24414
3396  19104
3397  32769
3398  3552
3399  31109
3400  13405
3401  19076
3402  19928
3403  30747
3404  17392
3405  18886
3406  28577
3407  18709
3408  24143
3409  28876
3410  4225
3411  6430
3412  14247
3413  20505
3414  16109
3415  16525
3416  29269
3417  30655
3418  18481
3419  19635
3420  23011
3421  4404
3422  13351
3423  3933
3424  17817
3425  30554
3426  7761
3427  17143
3428  28339
3429  30604
3430  19860
3431  13050
3432  21312
3433  3814
3434  5346
3435  31519
3436  21164
3437  30678
3438  8406
3439  29437
3440  5994
3441  15333
3442  5104
3443  10486
3444  30619
3445  2042
3446  13304
3447  33666
3448  15136
3449  14366
3450  13017
3451  14082
3452  29395
3453  14938
3454  32743
3455  28835
3456  21316
3457  11197
3458  24562
3459  15201
3460  4049
3461  23960
3462  26760
3463  15481
3464  23229
3465  15239
3466  17544
3467  14947
3468  3012
3469  23818
3470  12892
3471  31451
3472  22196
3473  21760
3474  15938
3475  28967
3476  7419
3477  22321
3478  20225
3479  20552
3480  4236
3481  19743
3482  12485
3483  23795
3484  31147
3485  13531
3486  6683
3487  19385
3488  15054
3489  27431
3490  28815
3491  19304
3492  16344
3493  27710
3494  29911
3495  33689
3496  27479
3497  19023
3498  28969
3499  7134
3500  24391
3501  17545
3502  30789
3503  7666
3504  32637
3505  15342
3506  28219
3507  9392
3508  16325
3509  29388
3510  31190
3511  21492
3512  30919
3513  19622
3514  21438
3515  15617
3516  18844
3517  5464
3518  14567
3519  16441
3520  20832
3521  13463
3522  17540
3523  29394
3524  14401
3525  23667
3526  21429
3527  19843
3528  8402
3529  3778
3530  30671
3531  19665
3532  21004
3533  7723
3534  21611
3535  14914
3536  21753
3537  3628
3538  6202
3539  27007
3540  12960
3541  33172
3542  24042
3543  29101
3544  20718
3545  33581
3546  24735
3547  7060
3548  13100
3549  7967
3550  12363
3551  19198
3552  7423
3553  5986
3554  13160
3555  9900
3556  3917
3557  19986
3558  12592
3559  19722
3560  20570
3561  33341
3562  14970
3563  21674
3564  14516
3565  18483
3566  19406
3567  22219
3568  29049
3569  19737
3570  10258
3571  22939
3572  32814
3573  8961
3574  8078
3575  30648
3576  21376
3577  3156
3578  14810
3579  20976
3580  16358
3581  13522
3582  17649
3583  14007
3584  26490
3585  15106
3586  31235
3587  13004
3588  31216
3589  21805
3590  9756
3591  7972
3592  4323
3593  13899
3594  29466
3595  15715
3596  9912
3597  14162
3598  19123
3599  3428
3600  29971
3601  17065
3602  13034
3603  26581
3604  7759
3605  28761
3606  21956
3607  18977
3608  18372
3609  15999
3610  17836
3611  4202
3612  10422
3613  21494
3614  17002
3615  8238
3616  16679
3617  31263
3618  21504
3619  19307
3620  13850
3621  13136
3622  19267
3623  10432
3624  19415
3625  17803
3626  26862
3627  13170
3628  23201
3629  6877
3630  8780
3631  16510
3632  33551
3633  21071
3634  21691
3635  19058
3636  14180
3637  24167
3638  19143
3639  7139
3640  17062
3641  29956
3642  21683
3643  18545
3644  14535
3645  16757
3646  12086
3647  15603
3648  14069
3649  13412
3650  29771
3651  16592
3652  10821
3653  26442
3654  13062
3655  22819
3656  9999
3657  6465
3658  30843
3659  31083
3660  23359
3661  23360
3662  30656
3663  16274
3664  19252
3665  5150
3666  20714
3667  13645
3668  21464
3669  28741
3670  17625
3671  32895
3672  9625
3673  16797
3674  12453
3675  31031
3676  31132
3677  28335
3678  21862
3679  17667
3680  12961
3681  3430
3682  16948
3683  22197
3684  9433
3685  23658
3686  27960
3687  7414
3688  14158
3689  30759
3690  16049
3691  11193
3692  19679
3693  22420
3694  21695
3695  7952
3696  15501
3697  21508
3698  13794
3699  18790
3700  33229
3701  8305
3702  10971
3703  23713
3704  19386
3705  19092
3706  9804
3707  30995
3708  10837
3709  26417
3710  21193
3711  9039
3712  27833
3713  17350
3714  15039
3715  17101
3716  8309
3717  8451
3718  19057
3719  16707
3720  13298
3721  7960
3722  18899
3723  15184
3724  27648
3725  14000
3726  19525
3727  28889
3728  12187
3729  31430
3730  7152
3731  18736
3732  22003
3733  21637
3734  25015
3735  16963
3736  13566
3737  17872
3738  15681
3739  33164
3740  21279
3741  10426
3742  22313
3743  9115
3744  20557
3745  20988
3746  9412
3747  23197
3748  2037
3749  13734
3750  18652
3751  23993
3752  25440
3753  22890
3754  16197
3755  11096
3756  7435
3757  20772
3758  6403
3759  26813
3760  18855
3761  19872
3762  26360
3763  13783
3764  19322
3765  30763
3766  29705
3767  7914
3768  3471
3769  5209
3770  6580
3771  13635
3772  31151
3773  20461
3774  14349
3775  4780
3776  21382
3777  15338
3778  8500
3779  7032
3780  10669
3781  17284
3782  31082
3783  31070
3784  24141
3785  16447
3786  3352
3787  30654
3788  4699
3789  14389
3790  20924
3791  5468
3792  30615
3793  26588
3794  20302
3795  27433
3796  27432
3797  13878
3798  26636
3799  16153
3800  27313
3801  19932
3802  13044
3803  27223
3804  17586
3805  3513
3806  20574
3807  21500
3808  22824
3809  33429
3810  7978
3811  16366
3812  32068
3813  7239
3814  15992
3815  19145
3816  16449
3817  7122
3818  19504
3819  14148
3820  21284
3821  19902
3822  8793
3823  22332
3824  22344
3825  17252
3826  33568
3827  16402
3828  13236
3829  19989
3830  6426
3831  26358
3832  29164
3833  18444
3834  24306
3835  4750
3836  10050
3837  32665
3838  6958
3839  26652
3840  28799
3841  5424
3842  15659
3843  6682
3844  29001
3845  24789
3846  21191
3847  19841
3848  27906
3849  21082
3850  29694
3851  20848
3852  8395
3853  8454
3854  16840
3855  29869
3856  8881
3857  29320
3858  27685
3859  8331
3860  27454
3861  29826
3862  27698
3863  31006
3864  17964
3865  18924
3866  17017
3867  19030
3868  15756
3869  30673
3870  29743
3871  18170
3872  21599
3873  15256
3874  10617
3875  29390
3876  16778
3877  26365
3878  26510
3879  15931
3880  18261
3881  14279
3882  27821
3883  23964
3884  16426
3885  28657
3886  18888
3887  7101
3888  7561
3889  15942
3890  31275
3891  13229
3892  8209
3893  14249
3894  5353
3895  28249
3896  10356
3897  23054
3898  19804
3899  10672
3900  16086
3901  24323
3902  15631
3903  16571
3904  21468
3905  18441
3906  8063
3907  16901
3908  31948
3909  12664
3910  24140
3911  12322
3912  22952
3913  19189
3914  10827
3915  20773
3916  18647
3917  13095
3918  32640
3919  3768
3920  33487
3921  31154
3922  23225
3923  10451
3924  13634
3925  7774
3926  14497
3927  30447
3928  8888
3929  26974
3930  31238
3931  8669
3932  29062
3933  19164
3934  3927
3935  13322
3936  22254
3937  7442
3938  21177
3939  20910
3940  18659
3941  3373
3942  6020
3943  33413
3944  14738
3945  14080
3946  18063
3947  5731
3948  5941
3949  7109
3950  28875
3951  3741
3952  4724
3953  19226
3954  27377
3955  33230
3956  28802
3957  4178
3958  14964
3959  23725
3960  27826
3961  21788
3962  7836
3963  26369
3964  31007
3965  12261
3966  6485
3967  24404
3968  33444
3969  19487
3970  3427
3971  19598
3972  12163
3973  23883
3974  19005
3975  19122
3976  1891
3977  14523
3978  28607
3979  19135
3980  27021
3981  16886
3982  27243
3983  30744
3984  20246
3985  10397
3986  23453
3987  16944
3988  14127
3989  31928
3990  7341
3991  19960
3992  31474
3993  21078
3994  7908
3995  14308
3996  4464
3997  14687
3998  18535
3999  21646
4000  19369
4001  26332
4002  28229
4003  33372
4004  14699
4005  8885
4006  18654
4007  22925
4008  15187
4009  28367
4010  30696
4011  13904
4012  13246
4013  13859
4014  19109
4015  16090
4016  13106
4017  31272
4018  3554
4019  12990
4020  16916
4021  14393
4022  17589
4023  28834
4024  19337
4025  19000
4026  3634
4027  17319
4028  14695
4029  32972
4030  14834
4031  15479
4032  3435
4033  33054
4034  18787
4035  4177
4036  17669
4037  30230
4038  27319
4039  26372
4040  13226
4041  2050
4042  8088
4043  15658
4044  26249
4045  28461
4046  16355
4047  18057
4048  6503
4049  20951
4050  16984
4051  19882
4052  13426
4053  15233
4054  3894
4055  17627
4056  23218
4057  4129
4058  7318
4059  11137
4060  21239
4061  13171
4062  16994
4063  31527
4064  10763
4065  21676
4066  8954
4067  14307
4068  19628
4069  17055
4070  27457
4071  4119
4072  15065
4073  10267
4074  26577
4075  13192
4076  30029
4077  24371
4078  26875
4079  10704
4080  17546
4081  4350
4082  23389
4083  28582
4084  29210
4085  12525
4086  23063
4087  22194
4088  32772
4089  14638
4090  7162
4091  5852
4092  17381
4093  5393
4094  22591
4095  29515
4096  7633
4097  33227
4098  19899
4099  21601
4100  18896
4101  15059
4102  4756
4103  19160
4104  15989
4105  16647
4106  17006
4107  30848
4108  4603
4109  19390
4110  4959
4111  14402
4112  30600
4113  29094
4114  18890
4115  3742
4116  8400
4117  21148
4118  10076
4119  26359
4120  16542
4121  21843
4122  5800
4123  18432
4124  6992
4125  18642
4126  17891
4127  14761
4128  4165
4129  20783
4130  29265
4131  3369
4132  21435
4133  19027
4134  12635
4135  10810
4136  27469
4137  24953
4138  19502
4139  7309
4140  13193
4141  28004
4142  30844
4143  27020
4144  19978
4145  13128
4146  22271
4147  10003
4148  7046
4149  9156
4150  31485
4151  26363
4152  19697
4153  14110
4154  20550
4155  14965
4156  26544
4157  3308
4158  10496
4159  7770
4160  32823
4161  3892
4162  8102
4163  12962
4164  14592
4165  30296
4166  24630
4167  22814
4168  20969
4169  30345
4170  3422
4171  6044
4172  30355
4173  7086
4174  16888
4175  19963
4176  19001
4177  16328
4178  17615
4179  16480
4180  18731
4181  4985
4182  29417
4183  13922
4184  18972
4185  15493
4186  22161
4187  33510
4188  22169
4189  3887
4190  3473
4191  28971
4192  31382
4193  31710
4194  27231
4195  32764
4196  19179
4197  17161
4198  13359
4199  20829
4200  19034
4201  14916
4202  18741
4203  18716
4204  25761
4205  32722
4206  19003
4207  24294
4208  16327
4209  17877
4210  28649
4211  29288
4212  15228
4213  5151
4214  16502
4215  31122
4216  8355
4217  22842
4218  5953
4219  4291
4220  17053
4221  29695
4222  8310
4223  28837
4224  16701
4225  5748
4226  19630
4227  8007
4228  15793
4229  31144
4230  13015
4231  22737
4232  15121
4233  9549
4234  23740
4235  12986
4236  22239
4237  9362
4238  19634
4239  28589
4240  20926
4241  29252
4242  22803
4243  17813
4244  13838
4245  19344
4246  16095
4247  18852
4248  17248
4249  15303
4250  17277
4251  29637
4252  30417
4253  3952
4254  22858
4255  16105
4256  6660
4257  8680
4258  17386
4259  33491
4260  27726
4261  13053
4262  9735
4263  21285
4264  9906
4265  16347
4266  26212
4267  23438
4268  9612
4269  22496
4270  13234
4271  26783
4272  17864
4273  14430
4274  32919
4275  14466
4276  12217
4277  17553
4278  22965
4279  14698
4280  32058
4281  31770
4282  33182
4283  22308
4284  26858
4285  24490
4286  9276
4287  22996
4288  17613
4289  8196
4290  20285
4291  29000
4292  7740
4293  21708
4294  17022
4295  31434
4296  4219
4297  24412
4298  14850
4299  22767
4300  18151
4301  17651
4302  14484
4303  23240
4304  16650
4305  5234
4306  24827
4307  8407
4308  18860
4309  20489
4310  24253
4311  24939
4312  27450
4313  16632
4314  17104
4315  18867
4316  14637
4317  18906
4318  28594
4319  16440
4320  27788
4321  29038
4322  13019
4323  21547
4324  33217
4325  15607
4326  18908
4327  15794
4328  17923
4329  12158
4330  18634
4331  13772
4332  13332
4333  13302
4334  13020
4335  16569
4336  19268
4337  25480
4338  13709
4339  28207
4340  29603
4341  17617
4342  33142
4343  23763
4344  21781
4345  27631
4346  2062
4347  20009
4348  30670
4349  20858
4350  15674
4351  17622
4352  5352
4353  32836
4354  16575
4355  12320
4356  10494
4357  13290
4358  23150
4359  21553
4360  16066
4361  30613
4362  29061
4363  19690
4364  12701
4365  13643
4366  16293
4367  19121
4368  9574
4369  8094
4370  20520
4371  30228
4372  19126
4373  32693
4374  14888
4375  2088
4376  7068
4377  20616
4378  19929
4379  13981
4380  31316
4381  12607
4382  7516
4383  28888
4384  8811
4385  27398
4386  8080
4387  16572
4388  29208
4389  29539
4390  29088
4391  15618
4392  16554
4393  10580
4394  7707
4395  20686
4396  15994
4397  9300
4398  24705
4399  11161
4400  33062
4401  28830
4402  19829
4403  7697
4404  15188
4405  19607
4406  28419
4407  27820
4408  20539
4409  5441
4410  10143
4411  33376
4412  31523
4413  14857
4414  8247
4415  24025
4416  14854
4417  8514
4418  18533
4419  33505
4420  17855
4421  19059
4422  12108
4423  23900
4424  4205
4425  28119
4426  33258
4427  23280
4428  21257
4429  13501
4430  29096
4431  18050
4432  23156
4433  31932
4434  4016
4435  14668
4436  31809
4437  21386
4438  24565
4439  32747
4440  30930
4441  33525
4442  20635
4443  23774
4444  19947
4445  17125
4446  26932
4447  21084
4448  29217
4449  19221
4450  4677
4451  7965
4452  19987
4453  26519
4454  3604
4455  19720
4456  20664
4457  21821
4458  7647
4459  21181
4460  16557
4461  23814
4462  30707
4463  24301
4464  18047
4465  33598
4466  19118
4467  20594
4468  30986
4469  16655
4470  29258
4471  33024
4472  22329
4473  22857
4474  19773
4475  4928
4476  24252
4477  19861
4478  20797
4479  19376
4480  22274
4481  21800
4482  9095
4483  13420
4484  17168
4485  29836
4486  22115
4487  21690
4488  16954
4489  13177
4490  29443
4491  30564
4492  19117
4493  8667
4494  5465
4495  33051
4496  15480
4497  15026
4498  6835
4499  15651
4500  21767
4501  19575
4502  14077
4503  9688
4504  7617
4505  14511
4506  18942
4507  19405
4508  19210
4509  19152
4510  32940
4511  26915
4512  19594
4513  26494
4514  24638
4515  17851
4516  28670
4517  12605
4518  28167
4519  13663
4520  13830
4521  31808
4522  12431
4523  8328
4524  14483
4525  29707
4526  21604
4527  14211
4528  29356
4529  20669
4530  6146
4531  8204
4532  8009
4533  6610
4534  18549
4535  19170
4536  25611
4537  22825
4538  26445
4539  11145
4540  15604
4541  16697
4542  18946
4543  14481
4544  9652
4545  33263
4546  22123
4547  29150
4548  18527
4549  12061
4550  17145
4551  15645
4552  3384
4553  15831
4554  6855
4555  18944
4556  21348
4557  14333
4558  12809
4559  28439
4560  4687
4561  28948
4562  7829
4563  19884
4564  28173
4565  24183
4566  14246
4567  19781
4568  7956
4569  29121
4570  28673
4571  26501
4572  19025
4573  13205
4574  17648
4575  16191
4576  31002
4577  14432
4578  3751
4579  26264
4580  3712
4581  8266
4582  26364
4583  32786
4584  3583
4585  31056
4586  13245
4587  18465
4588  26946
4589  19329
4590  17347
4591  30567
4592  8510
4593  12127
4594  27574
4595  33249
4596  16161
4597  24004
4598  8654
4599  17645
4600  14634
4601  5030
4602  5868
4603  13868
4604  12284
4605  16555
4606  17406
4607  27731
4608  19060
4609  9081
4610  14928
4611  28131
4612  19907
4613  16217
4614  15369
4615  23662
4616  11192
4617  21099
4618  16341
4619  16212
4620  16211
4621  17377
4622  16213
4623  17316
4624  14252
4625  21221
4626  28467
4627  22137
4628  23995
4629  30669
4630  28312
4631  19967
4632  14691
4633  12552
4634  16917
4635  21550
4636  20931
4637  14374
4638  17067
4639  14766
4640  31325
4641  19111
4642  20816
4643  9897
4644  6286
4645  27428
4646  16506
4647  16060
4648  22339
4649  16889
4650  30795
4651  6592
4652  10195
4653  26508
4654  30254
4655  19586
4656  8233
4657  33488
4658  7235
4659  4208
4660  10232
4661  1914
4662  7007
4663  22181
4664  14020
4665  3478
4666  33544
4667  32928
4668  21162
4669  16079
4670  29298
4671  28253
4672  10407
4673  32596
4674  13007
4675  5430
4676  9429
4677  8334
4678  20316
4679  33279
4680  12963
4681  6627
4682  32683
4683  13908
4684  31386
4685  14646
4686  16558
4687  18302
4688  14847
4689  8616
4690  27892
4691  15310
4692  20460
4693  8068
4694  13837
4695  19032
4696  29011
4697  32632
4698  27499
4699  16562
4700  19933
4701  33276
4702  26334
4703  15703
4704  33452
4705  1840
4706  17738
4707  4747
4708  28092
4709  21052
4710  21404
4711  25949
4712  14785
4713  22931
4714  19870
4715  13923
4716  6169
4717  5985
4718  15738
4719  30704
4720  26668
4721  31062
4722  15930
4723  13297
4724  9352
4725  18637
4726  30904
4727  29294
4728  14858
4729  15492
4730  10425
4731  6889
4732  24101
4733  10368
4734  24392
4735  11047
4736  10922
4737  16520
4738  19217
4739  12358
4740  19536
4741  14607
4742  19106
4743  29299
4744  19698
4745  3371
4746  32086
4747  17550
4748  19220
4749  17159
4750  24150
4751  12052
4752  7990
4753  17198
4754  7884
4755  20874
4756  17610
4757  8065
4758  3996
4759  20823
4760  29736
4761  7971
4762  30548
4763  20624
4764  17485
4765  18762
4766  23354
4767  23997
4768  13512
4769  20935
4770  13060
4771  28646
4772  21397
4773  31146
4774  15926
4775  30622
4776  9176
4777  17588
4778  20919
4779  17139
4780  13432
4781  9809
4782  21514
4783  7966
4784  7578
4785  21399
4786  32658
4787  15163
4788  4717
4789  19844
4790  32036
4791  23758
4792  22927
4793  16015
4794  4386
4795  18197
4796  20776
4797  33417
4798  19729
4799  17516
4800  24580
4801  22855
4802  10872
4803  16051
4804  22739
4805  8282
4806  3237
4807  29645
4808  15707
4809  6438
4810  14929
4811  23992
4812  18012
4813  26695
4814  4336
4815  33269
4816  2046
4817  6094
4818  33320
4819  21811
4820  25521
4821  28829
4822  22198
4823  18355
4824  6468
4825  24108
4826  19638
4827  18630
4828  19499
4829  31498
4830  13711
4831  27072
4832  14390
4833  21277
4834  17428
4835  21658
4836  24009
4837  10488
4838  17552
4839  13670
4840  15808
4841  23850
4842  22692
4843  16526
4844  30801
4845  28282
4846  15575
4847  19341
4848  4094
4849  32813
4850  18708
4851  30925
4852  7001
4853  20884
4854  19974
4855  19231
4856  6641
4857  15619
4858  20191
4859  18015
4860  17548
4861  8245
4862  29132
4863  14145
4864  28661
4865  23950
4866  18597
4867  27011
4868  26882
4869  20657
4870  24693
4871  14630
4872  3595
4873  27602
4874  18707
4875  25936
4876  15131
4877  13504
4878  27496
4879  29614
4880  16549
4881  31124
4882  21513
4883  29233
4884  18692
4885  29040
4886  19308
4887  14207
4888  32771
4889  26681
4890  18594
4891  18657
4892  19716
4893  29700
4894  33397
4895  16661
4896  20878
4897  21799
4898  22070
4899  27884
4900  21076
4901  8184
4902  12185
4903  17266
4904  10031
4905  10585
4906  3635
4907  6816
4908  20387
4909  5197
4910  5647
4911  21474
4912  16385
4913  9785
4914  7043
4915  8643
4916  24694
4917  14314
4918  4579
4919  23249
4920  30419
4921  19689
4922  21677
4923  29430
4924  13952
4925  3990
4926  15554
4927  20963
4928  3713
4929  18788
4930  9349
4931  13212
4932  18540
4933  14762
4934  27993
4935  30586
4936  19230
4937  18554
4938  8126
4939  19404
4940  7411
4941  3509
4942  15186
4943  31043
4944  12563
4945  13112
4946  13871
4947  12451
4948  32598
4949  7503
4950  28665
4951  9439
4952  15061
4953  17683
4954  13462
4955  20223
4956  14412
4957  18303
4958  16748
4959  28714
4960  19312
4961  15401
4962  31665
4963  17408
4964  9559
4965  23771
4966  30565
4967  12385
4968  9305
4969  18230
4970  19426
4971  12934
4972  21081
4973  28791
4974  18201
4975  5258
4976  27617
4977  15576
4978  32588
4979  10237
4980  8115
4981  8642
4982  9542
4983  11113
4984  19373
4985  14933
4986  21345
4987  9777
4988  16807
4989  19130
4990  8429
4991  13064
4992  4976
4993  26758
4994  27330
4995  29345
4996  19185
4997  22167
4998  13892
4999  7025
5000  19124
5001  10044
5002  18644
5003  21756
5004  14193
5005  4166
5006  10873
5007  21493
5008  20883
5009  8705
5010  22967
5011  27714
5012  22950
5013  17988
5014  15704
5015  5149
5016  17056
5017  4741
5018  20284
5019  10752
5020  5304
5021  15967
5022  10240
5023  19180
5024  20558
5025  7231
5026  10405
5027  24631
5028  17160
5029  20321
5030  18146
5031  9180
5032  10614
5033  4732
5034  29802
5035  19206
5036  21641
5037  29207
5038  27228
5039  5512
5040  32891
5041  20676
5042  30861
5043  16260
5044  31880
5045  20632
5046  12597
5047  17974
5048  14832
5049  24236
5050  21053
5051  7227
5052  33238
5053  29046
5054  24029
5055  29397
5056  7883
5057  32700
5058  18629
5059  31095
5060  19606
5061  6795
5062  16511
5063  7948
5064  6962
5065  19272
5066  8581
5067  19969
5068  9071
5069  19776
5070  16758
5071  13030
5072  13223
5073  19767
5074  1719
5075  30131
5076  6023
5077  19604
5078  24254
5079  3919
5080  18321
5081  15972
5082  17982
5083  8897
5084  20922
5085  16384
5086  21505
5087  32888
5088  17773
5089  14182
5090  30630
5091  31971
5092  11078
5093  19937
5094  19965
5095  19393
5096  21538
5097  8347
5098  23220
5099  12799
5100  8244
5101  19578
5102  21154
5103  12994
5104  6571
5105  16297
5106  31139
5107  10409
5108  8792
5109  18299
5110  17590
5111  10811
5112  6997
5113  22214
5114  6621
5115  22511
5116  9873
5117  1994
5118  19793
5119  21595
5120  21793
5121  29332
5122  21511
5123  3276
5124  9363
5125  13565
5126  32613
5127  13509
5128  13356
5129  15621
5130  19184
5131  27122
5132  3236
5133  15098
5134  31273
5135  29117
5136  12190
5137  4203
5138  6651
5139  32890
5140  18974
5141  22758
5142  14590
5143  26805
5144  18903
5145  16342
5146  15888
5147  6959
5148  16427
5149  19409
5150  22141
5151  31133
5152  9032
5153  9920
5154  5473
5155  9576
5156  6830
5157  30638
5158  16016
5159  9409
5160  18264
5161  19727
5162  18569
5163  13291
5164  29814
5165  5422
5166  24501
5167  5001
5168  30742
5169  17594
5170  9627
5171  17907
5172  18923
5173  19541
5174  8670
5175  4929
5176  14718
5177  13594
5178  22768
5179  20927
5180  8591
5181  19021
5182  19636
5183  32062
5184  18013
5185  24351
5186  31317
5187  24181
5188  10054
5189  17628
5190  15648
5191  32139
5192  19103
5193  33542
5194  3011
5195  13427
5196  29396
5197  8103
5198  8052
5199  26795
5200  7568
5201  16062
5202  20010
5203  23826
5204  4952
5205  5351
5206  32031
5207  13950
5208  22900
5209  15339
5210  12189
5211  14194
5212  27919
5213  20782
5214  33530
5215  15896
5216  15646
5217  21739
5218  23379
5219  6011
5220  26907
5221  16964
5222  16705
5223  32934
5224  19975
5225  6517
5226  24434
5227  21879
5228  30629
5229  29286
5230  22903
5231  8091
5232  28664
5233  3748
5234  17258
5235  26335
5236  8123
5237  31019
5238  14419
5239  33008
5240  21499
5241  6880
5242  7098
5243  19936
5244  24617
5245  14629
5246  24264
5247  29910
5248  14199
5249  28405
5250  3956
5251  2008
5252  32826
5253  19614
5254  13418
5255  13319
5256  8311
5257  6975
5258  8586
5259  6717
5260  23353
5261  20673
5262  22887
5263  7140
5264  30607
5265  17216
5266  15447
5267  12463
5268  4301
5269  25109
5270  24718
5271  4669
5272  27087
5273  16779
5274  27798
5275  6187
5276  19303
5277  19714
5278  10160
5279  23449
5280  28663
5281  20457
5282  24785
5283  11110
5284  16784
5285  31613
5286  9600
5287  13681
5288  15517
5289  15212
5290  17254
5291  15374
5292  17940
5293  7042
5294  13505
5295  16204
5296  20762
5297  18902
5298  33351
5299  15737
5300  8339
5301  32731
5302  13788
5303  7335
5304  27074
5305  8442
5306  14130
5307  31289
5308  20899
5309  28116
5310  33681
5311  3968
5312  32942
5313  30767
5314  28719
5315  20482
5316  8589
5317  14760
5318  18058
5319  20499
5320  13255
5321  31005
5322  15220
5323  12277
5324  19775
5325  27300
5326  21982
5327  19262
5328  22725
5329  19968
5330  14649
5331  30527
5332  6220
5333  21079
5334  20932
5335  31454
5336  13087
5337  30022
5338  20777
5339  19211
5340  20887
5341  30585
5342  22502
5343  18770
5344  16891
5345  16733
5346  31740
5347  7066
5348  15135
5349  21855
5350  4492
5351  12678
5352  17557
5353  7911
5354  13829
5355  6227
5356  15478
5357  15482
5358  14261
5359  12631
5360  10439
5361  18514
5362  15193
5363  21529
5364  22963
5365  18976
5366  13804
5367  7795
5368  15546
5369  29065
5370  3614
5371  33687
5372  7313
5373  6003
5374  10766
5375  22184
5376  30277
5377  27955
5378  5633
5379  19954
5380  13309
5381  26579
5382  22343
5383  14958
5384  15056
5385  30028
5386  7501
5387  29601
5388  26564
5389  1741
5390  18901
5391  14939
5392  17354
5393  16651
5394  8672
5395  18336
5396  15892
5397  14816
5398  26362
5399  12186
5400  28122
5401  18288
5402  9899
5403  6685
5404  10946
5405  12576
5406  6005
5407  8447
5408  30437
5409  20473
5410  33500
5411  13214
5412  7352
5413  17642
5414  3831
5415  19988
5416  19704
5417  19301
5418  29036
5419  28121
5420  19490
5421  14326
5422  13519
5423  29402
5424  33244
5425  20918
5426  5558
5427  26600
5428  17659
5429  24354
5430  33366
5431  13130
5432  32917
5433  29393
5434  21790
5435  32608
5436  9548
5437  15257
5438  27123
5439  18061
5440  23405
5441  8974
5442  19869
5443  33183
5444  17737
5445  15880
5446  5386
5447  15197
5448  18085
5449  13335
5450  24569
5451  8467
5452  28237
5453  21424
5454  22801
5455  17189
5456  8075
5457  6706
5458  17155
5459  5420
5460  11031
5461  18541
5462  18543
5463  18542
5464  7833
5465  18544
5466  18546
5467  18548
5468  18551
5469  18550
5470  18553
5471  18552
5472  18086
5473  18556
5474  18555
5475  18557
5476  12895
5477  15185
5478  19172
5479  19024
5480  14912
5481  19913
5482  30563
5483  26517
5484  20290
5485  20840
5486  26516
5487  21363
5488  28690
5489  13163
5490  5866
5491  6765
5492  13043
5493  6075
5494  7668
5495  13636
5496  16238
5497  3186
5498  33455
5499  20889
5500  31094
5501  28811
5502  20972
5503  9031
5504  20843
5505  22324
5506  4329
5507  18754
5508  17592
5509  23350
5510  19524
5511  29268
5512  3752
5513  19099
5514  17276
5515  7611
5516  16682
5517  20297
5518  5448
5519  18451
5520  17626
5521  13081
5522  5264
5523  8875
5524  1852
5525  16505
5526  28923
5527  17893
5528  26262
5529  22754
5530  28522
5531  32644
5532  21531
5533  14404
5534  25616
5535  31113
5536  16744
5537  31380
5538  19895
5539  8527
5540  14870
5541  12582
5542  5126
5543  32600
5544  24165
5545  33509
5546  16134
5547  26209
5548  18905
5549  31057
5550  20697
5551  8240
5552  14889
5553  28989
5554  29151
5555  13350
5556  22899
5557  7428
5558  4133
5559  19398
5560  23721
5561  30672
5562  5437
5563  19862
5564  33718
5565  26439
5566  30402
5567  23748
5568  14812
5569  32714
5570  13339
5571  17816
5572  25438
5573  15055
5574  27064
5575  22273
5576  29322
5577  20596
5578  23399
5579  9384
5580  18262
5581  16326
5582  28562
5583  19845
5584  8791
5585  13195
5586  10502
5587  18376
5588  28426
5589  6182
5590  3370
5591  15663
5592  33716
5593  3151
5594  24047
5595  12420
5596  17657
5597  17646
5598  14953
5599  33516
5600  17730
5601  32589
5602  17584
5603  33520
5604  24118
5605  12416
5606  12468
5607  6861
5608  3218
5609  16905
5610  24411
5611  24102
5612  19571
5613  19253
5614  15706
5615  27383
5616  19256
5617  27274
5618  8784
5619  22902
5620  8439
5621  19934
5622  27062
5623  17064
5624  19392
5625  16734
5626  17247
5627  8070
5628  16798
5629  20908
5630  23419
5631  18653
5632  19532
5633  14599
5634  26489
5635  21314
5636  21583
5637  31884
5638  12231
5639  8849
5640  27434
5641  13252
5642  6333
5643  20560
5644  8471
5645  21517
5646  33166
5647  13305
5648  24611
5649  31925
5650  6663
5651  18982
5652  17975
5653  1913
5654  14236
5655  17058
5656  31061
5657  17671
5658  8062
5659  18462
5660  30665
5661  17110
5662  2029
5663  21437
5664  27504
5665  14403
5666  29098
5667  21710
5668  3415
5669  20893
5670  13324
5671  6226
5672  6026
5673  23942
5674  26243
5675  13202
5676  27296
5677  20007
5678  19496
5679  7187
5680  32085
5681  31028
5682  8089
5683  6828
5684  20301
5685  10723
5686  9186
5687  28754
5688  18005
5689  23911
5690  8790
5691  28759
5692  21732
5693  5570
5694  15667
5695  12357
5696  24156
5697  7991
5698  31209
5699  8910
5700  3743
5701  4299
5702  23930
5703  8161
5704  29980
5705  20708
5706  8561
5707  23376
5708  14550
5709  3553
5710  29585
5711  22722
5712  24950
5713  26802
5714  6615
5715  8183
5716  16573
5717  27501
5718  15741
5719  15642
5720  30547
5721  9835
5722  7033
5723  13786
5724  21692
5725  32620
5726  22778
5727  28793
5728  17464
5729  8969
5730  32719
5731  20648
5732  15743
5733  30918
5734  12489
5735  17376
5736  30616
5737  24161
5738  10047
5739  13075
5740  3594
5741  27516
5742  12058
5743  15752
5744  33339
5745  6768
5746  20750
5747  33147
5748  17858
5749  31420
5750  14886
5751  7553
5752  20522
5753  8314
5754  20808
5755  4781
5756  30609
5757  16631
5758  16686
5759  7790
5760  6366
5761  8302
5762  4954
5763  15780
5764  24014
5765  31266
5766  14611
5767  18561
5768  24587
5769  8830
5770  30717
5771  3547
5772  28960
5773  12275
5774  27760
5775  19875
5776  17077
5777  31044
5778  30611
5779  4245
5780  27218
5781  29939
5782  22320
5783  24635
5784  12309
5785  18825
5786  5751
5787  15773
5788  27512
5789  23417
5790  28752
5791  21068
5792  21252
5793  6149
5794  24110
5795  12837
5796  21833
5797  20767
5798  18054
5799  5626
5800  19302
5801  18701
5802  21111
5803  21650
5804  22431
5805  32787
5806  19962
5807  29272
5808  28171
5809  19531
5810  8333
5811  4243
5812  13480
5813  16993
5814  27894
5815  6940
